3189
301282976
44004847
293545664
852020883
494005579
579970145
129936476
998949974
118022544
122968952
859891044
771299039
804616953
285565684
669461715
976200566
227832876
223787525
953049972
977823272
376343785
870637274
994560301
355232431
386912351
255383335
555367833
896201141
795238501
782734220
722175790
30912880
9198427
565080355
925801223
67610571
312000728
788636363
135245429
825188449
285831789
846921156
682239770
988606251
424266912
8265138
118699083
110646759
505180561
212310261
328202154
1074907
886075967
627152265
491340151
672256914
503448503
166382513
160149369
626396864
680217426
4303926
469107125
663943510
366504530
651497886
498815721
967131800
73400229
774997197
682532696
262341170
384100093
234403363
132296537
655284486
863176158
942613793
316116804
893543922
439536777
98332200
692817560
528380080
639107409
912487610
791499815
16642959
131278153
364668705
68579591
565934339
246324782
425101430
1623635
518612875
483428724
55910861
36448860
1607328
244541126
511966096
794668784
590413767
355210954
25948412
175763337
264373528
975181225
275637865
523353670
59580419
79179334
474672239
707534040
907640035
129706798
79214053
703689403
715335386
28359790
694582668
129779178
502726135
910445419
828134030
400087775
296897440
143723871
233937372
535815319
49117756
681366416
135509680
616982643
576216379
110395655
141369418
317351447
523857422
581700626
296843232
232650015
374042690
850839255
109220253
152214336
406283347
199177341
794031355
614562799
353582495
573725410
401374034
647237405
114376974
128899725
399640024
568502393
457935420
732174864
581625132
28015574
558816719
86591096
135599578
541941173
927130878
147307108
889386006
69897847
99542814
126297079
961146711
620762237
675343327
44205688
728618126
933071682
210152174
209950875
328707298
255600596
704884744
123573681
286153112
159450945
625402931
362076093
237201225
911322937
751214949
613270324
460296709
763653441
6586540
178294977
656952646
982653867
107259011
401874747
472786208
428287150
4412147
578967334
455561175
837449864
412025004
416947494
190353269
309719825
108205288
273566757
866958444
294006607
9155296
401704129
545671707
349190053
557375292
482847624
26781396
729297052
606362729
121443060
422501473
401302923
245053406
886426537
869709892
85931487
141474419
289124676
355898143
838115700
865312421
546585457
674200774
961648818
262718576
77690372
864986600
512962851
12755824
786236109
596365744
605840631
936476562
246890443
342231269
712693189
363606329
540578982
300601789
332713173
655843595
877207955
551824802
330537593
952597603
610287008
504807156
378943367
612139008
419116451
343812991
733912501
514297711
179932796
473510590
865557189
158412517
352412711
240518545
830945355
612408238
3602836
9262886
500959121
484033601
277638943
588711842
22749959
899433519
641745794
158667718
346608624
475476098
333090371
552959440
427550705
157377845
142549583
386558270
539773487
795032853
266870509
139751599
43954925
809011679
340302990
516362741
320132232
808849261
551005889
599452331
942500812
564728784
311914720
343099907
486527948
604961101
39117734
321742550
163197898
530437661
861132924
168739729
123173035
580903887
583931319
926373415
301528349
873021564
58111616
162811077
264566633
73213313
573962210
879282918
273011013
116503624
718789345
889968812
275183701
125648841
803628880
65913371
497426317
90255242
796380706
652420832
978383614
411098613
879479486
281762095
374072224
347217193
759255624
254403866
918796457
804614063
236993454
359777965
621774644
303977178
873796205
399622443
65997104
550221779
512838865
430911838
813365354
143569648
350921549
741341153
813600349
152668388
447600723
190119214
25429803
635393618
417322967
265498461
909082402
394743781
881724878
512843440
153298794
659921199
335516610
883074089
359691178
956124113
105303531
895860739
516553028
223318547
660871314
271713886
938010252
253814509
750891593
266571904
623086080
77466982
405438164
26572189
715143719
101979815
868740749
977414262
299068725
129288867
290477255
613856926
374876866
631428336
699326519
195766574
96823786
317728648
421023688
979469123
475379200
852009332
92846500
43475903
555044935
118726818
15262413
403278001
434956069
272300489
266650060
936653972
81136666
597769967
584296475
621099366
46503136
480099594
730776351
492115836
824292827
265498364
552947054
219379203
669804694
298197678
729008889
851153060
733868525
922676726
241280667
548006505
580929324
218472400
461552202
596909244
357531965
173453221
885938140
103672454
813679855
341442083
540767391
526729627
817231249
47662572
639387623
972571945
518625492
695482643
223273474
903329403
695358772
81835802
817751906
853905114
97504938
821410655
69473794
562418631
139878895
597461641
697228687
651747571
400304222
994259944
749583273
899957781
656061218
32809000
103506071
957742999
396633122
216602938
253759073
819178741
419422264
188644788
660050716
364825182
551004883
789565911
932794558
847496400
760431090
683108105
343305645
442377798
455248266
20839242
791246183
48817229
718354999
32366531
463885598
952568748
125321023
381937626
397042493
861471816
422046632
199241177
719439360
284374104
117413125
410860632
967678691
675062678
415283817
146221341
613747791
688128568
970365053
727592225
663601329
57919404
79787640
961052946
192337529
446922940
329017146
20764991
104836117
836989651
60138279
865197766
767062519
675407086
115803201
122671728
159414570
368553375
726697449
657486626
219837492
136838398
680931021
467298278
534444461
631427467
330216167
845358115
182013447
83273595
212935093
92335343
42394792
712165181
79310461
531040081
41566207
464017546
22735137
443298743
694163930
327479131
88634297
908919011
150619960
379409679
859510204
812972100
124084258
863443319
137821426
815792019
480844079
358433864
299284185
455557793
573587168
18402965
853949359
693647006
583977120
696150822
508918270
754959661
273619145
747443560
297539742
408496772
892989317
855708777
992392852
788644156
266222380
984065731
66653495
406293572
371028916
737947165
752902502
851664762
744109451
95744601
714240598
955610697
711750338
904000170
84037859
527523328
65040652
655002191
413611387
954977742
18115310
668804137
454683933
919007677
852599887
280886150
684450138
631039228
247534235
632046600
353071332
365522035
171089950
28169511
998552231
82628306
459486174
25893578
47146877
123562837
689855160
924425739
926676169
887926111
303246346
475604663
346398679
887392708
135298135
918039613
614733768
286596253
17387144
167936410
713713906
693432841
924968190
306231891
468557019
8246556
953875056
605603109
91927955
992380686
584170194
646178246
492960837
200860527
18567399
677129372
997492945
606561327
164312352
726691794
769464463
242690601
829468548
561516753
14400878
517371276
90710801
656004809
291764359
978398806
666430557
571135588
616887198
119555911
917442935
530806279
614044709
590483522
527583239
924481182
711023023
564918847
358819914
345175594
805839583
359471624
768068751
407279134
110005343
669341506
103331550
172052199
168302925
224259148
82661723
666620624
470624363
601380234
339533250
464244443
541225722
432942734
793917496
55439655
559340559
300835388
756822850
168960541
539393025
843058960
987799586
899033786
158862782
477565625
92032308
37231419
830701050
801341397
274892236
669447527
530721428
128416177
655561954
84129893
926855119
955076536
324040999
138524595
310578011
499351861
33597123
671608872
556246266
834660465
775236245
612266560
769904337
986180556
250778918
123837537
425813610
233814660
620878382
479908695
24325574
256485991
760354402
748717958
241510458
322157970
702710897
449454220
70050813
108915885
331668654
634987007
25862831
884887117
973503138
136800714
840554611
53900305
457288873
957582739
643605527
995924122
9156930
74661698
708691632
35935956
325669457
383709368
109939229
912668577
892549959
706848390
914317298
685316395
950813676
692596977
908987471
946722111
852162148
720762787
52375223
388018041
304340920
899262127
701622675
339576242
393832409
389659781
127261336
573502090
735980666
914208514
4467354
506831383
40388204
199695370
910610170
302136793
361721637
722310174
142021121
94632024
135490360
292271403
910352726
624747848
882492925
182002418
897909192
792185669
13394324
218560883
948685983
292199078
842270098
614297834
549788103
459475852
59433146
312972161
935641618
453393586
706982118
14400147
150580290
67181058
328605256
688064349
891036320
243942903
195050370
944485040
553910428
230936845
852586980
418463270
896196737
75725542
847322073
978000848
420401392
464979908
224305517
69006928
951231288
475972342
83528691
205366271
584679162
964973903
312847349
778388559
699095361
812682784
763538962
584526703
195574068
363364160
410906824
951049057
353678150
826893926
239517739
983246667
333030376
692107122
118445427
142417661
755302372
591111981
559696839
846382407
217419915
306811052
258076289
364184055
513001629
19002739
989911320
883725125
771256417
295290421
111380724
517554925
29815897
190547831
639261134
201176391
32326353
788613952
113088821
746727302
144293418
423400635
126628059
81476630
430620465
211226637
88581340
373375781
172496505
838797857
592906885
454855887
514071261
668954940
48767729
93429921
466119484
49806526
727126993
286898046
794654801
562422908
566267503
403361189
833096785
57248827
901323305
191124391
739570466
118434998
612632389
475941399
563469690
979663401
238620830
941282633
418147154
232707488
339991401
574453712
904527513
150135650
829546097
717399149
354286179
308619094
788088547
872541574
433370627
543064206
267572264
49246002
689313291
407168044
390399360
672463707
684051160
367866923
926916920
846282296
682337985
491822109
389611854
528773669
811706791
539893787
669431306
258095081
680021199
208305453
591387155
889578963
372463921
86272436
429353321
596195321
96046339
490583870
846344029
365379447
276602150
343201067
39240421
236259312
112976675
423415971
738885280
339932131
932807891
71584131
316609169
578787889
734596354
270396847
277372249
401353078
295029913
27990062
130036535
533157940
129200421
365491824
17838742
108471633
455059878
795064351
796257395
372911433
165155679
15586801
560299823
36294838
914948290
552980704
430429684
506759086
972776172
656101387
914950805
240745240
346040926
524110400
893039647
347100018
937379046
382553502
803630768
97644987
234751973
341912444
649168708
361531790
826518939
25057102
227901696
380445265
877713508
458719485
25053437
959282619
503222698
666245172
395832118
639030592
621424291
65066670
299308139
858152671
264730017
524240907
938987149
492653212
473058093
495869629
489782368
467423219
486844201
477774331
511808178
288024605
194357669
39677568
933916578
170912295
130267798
563501396
365062496
244573987
271282345
334573028
56676944
27103959
855646099
86447353
660173202
630468806
397869916
528563226
569758584
95901087
989795731
881483027
388515908
436562070
140050463
186037723
147287270
994442249
873121183
584924502
438930920
505628189
500164538
14379002
942679922
280063260
886523437
350824545
110994925
475882073
713861255
667938768
149834101
56379348
527396703
291359346
406774834
17148409
36441715
29004960
593515201
941404664
676143593
254869399
507580069
886135571
274411624
34252584
157545086
12906845
29478762
528297318
41105053
510358278
334854000
129500985
122103678
142595033
588909929
850009452
47623114
183238439
196877669
798149697
112060089
636697754
861100249
619571004
129126766
713529395
739840111
562412641
393710034
480386803
115447073
141205864
70488085
75233223
724377719
324490162
38134773
419459708
817966096
158829150
119334023
44665104
653066828
305241573
4151569
494400182
769611825
571920088
124098238
512448023
304481285
756387966
656821163
920302733
143769609
2655938
127133729
783316310
122449254
508239924
91416674
989215507
74097916
409099302
282292792
703562115
723489617
637566799
789259104
864235181
768765600
27296973
366191594
686949828
693656118
737122504
777726957
671473851
227410544
361083120
82678259
737519754
11856766
353648763
687491686
3707514
621102385
742738400
29315630
372494950
607776839
473091135
51206523
73029964
994404283
28005199
970401250
188471557
103062368
297382688
709352419
49859761
474363991
176282267
41590381
77331386
273959839
31036677
587865890
837220224
640411396
999255580
166396714
398825576
557955317
286888142
628198273
98748853
460075012
539580678
701975637
976841282
51907031
316071107
125514443
692285341
173309935
832235407
819475732
115982707
199166845
617625083
281782155
711220644
591367700
562598778
227147299
586196768
347069112
624963326
416085799
947252355
174038468
984766234
309610603
272511134
659476928
458588501
971088996
217021766
57571750
33722872
430567246
316774904
423833809
171553958
384301026
109495578
46160808
21560192
584877442
795477147
144185179
958732831
852870370
886431706
956585275
59097255
548576574
779165841
84993475
408692264
238161136
657656516
134716497
732384335
954720582
783973062
423061883
875674136
749754055
829828630
963942564
159001952
669112168
189310009
310023250
558396900
266122682
308441445
97309098
677411422
442940001
107238077
50037009
305887480
767987214
184370422
687741705
117830975
198236063
799336116
577367752
488673912
957934628
115353009
353250794
441277644
85291389
559239077
742711061
215323988
440304315
113441484
231483402
94130822
508744356
126954357
709073331
8700108
986788932
92841184
747108469
315137668
824095768
455516467
879021086
167367883
541393783
317081736
285791939
177162206
152844694
263292018
125595478
492714095
141813605
547372837
22794552
294403001
228898313
950718008
439209970
693632823
138582017
714143074
316524829
515790578
648228348
382265377
256081187
399264515
699773571
119434950
593461546
39625079
258755377
247219258
780679102
541545916
726497420
797587939
260527971
767414136
142583064
949273437
575603868
553341513
406600675
237541743
984936600
25468318
489736645
491935336
145134396
879837421
648103277
634702149
887726788
455213401
80358118
959142104
82049318
904326602
68391767
142617174
961033716
662117497
741475097
124334932
195596787
745202393
284951619
86289495
509042512
695611308
238262482
568000160
606839977
552615608
736712153
677913710
87938407
97997663
512705142
123891602
772957574
969348709
32789215
125484645
777427511
726630801
537333690
798575389
31236014
436134133
744669314
122448876
708908300
382507738
388980289
444457527
842493795
79006019
709250681
841937911
473681866
242204205
37524142
894002726
708204664
86894299
143586527
634606902
79889037
517748678
198276696
689276369
934103637
19845614
685252407
82388782
728773600
44134484
886397567
589832524
530699510
967061773
250961509
45160827
749253770
656968154
450318245
559333459
974484266
92244765
22039062
481784453
337935575
381924482
176131285
6024623
117069124
278708188
379643381
285351002
356268635
415502381
524659195
379218977
949348984
697838650
165977477
795160258
467704119
912963207
401945428
660721775
905895560
875086531
256789986
574631073
383445124
756736193
67021411
940385421
371090599
627169699
991374811
858298245
563908588
559266077
841994992
640063655
597223534
990331632
505457968
579722416
261322467
442627948
364552022
254972057
85469428
611078325
126591515
260260200
916459302
971734202
116559351
300887965
493000842
873224562
381953130
657618221
638576079
217853819
9500992
769365860
732953627
785392991
665488469
562826679
555490690
20596515
213722210
82003811
701016944
689452138
593285926
589968455
667808180
102525232
652651102
553564210
854501860
389596725
67479144
43569364
771338893
681464553
637414592
24094633
231554389
287209331
376949433
312344975
131944751
37784478
536029075
139726132
970436125
774615682
919882454
729612819
471007757
602632251
907346499
491214540
915617906
69798581
17136308
247103052
975088507
657788664
1222864
18284197
798277808
117738019
428903149
620089105
892410616
719415658
886014590
595589026
643464509
127823312
281214487
907842803
35639858
644117665
220514322
774901973
82102928
219392716
896917685
307796696
643925821
291159508
195581215
483483789
626883247
471943341
294607010
155688860
27571168
325114596
2600198
544816618
655589690
904793914
332569963
396396772
746257204
40312342
865144961
672547462
298742867
947560755
62349974
529933632
772830687
777221125
405384946
486642332
25424273
103977399
82396685
507094252
517965262
336415268
954433566
255062444
457120090
268330505
908100607
280605814
267810280
109118689
592711835
324134184
704684890
59594797
675335449
704778720
489111960
84777845
518039657
793793455
118166215
390163802
215429117
852702349
209986406
718855393
852553901
862504517
598783163
640233893
517951375
103016459
525790125
59406664
15372834
111640101
581936870
765407424
568491410
273344139
420385012
982659826
414433346
884740773
454361755
799129325
603820131
544692836
722669263
882262650
606737787
189613347
758752653
597926279
270970034
173507923
12336076
612455923
657560984
676593820
586405069
907521794
289913958
736458835
715365378
177930265
176710425
795190946
983477335
121921580
436579016
779366954
110594597
628493827
771157637
575557186
916240786
446619437
877514588
617459761
798182595
517493128
198215140
654704677
62765952
78824937
399246310
39297067
188308634
305277732
464392235
84703641
625398098
280847862
833922300
253798972
489761234
905202659
966917659
976321158
107138973
93406219
860738548
982913238
378561536
282651263
285933271
759550552
916291468
298431811
14609857
734714035
307799189
40330741
819871885
331675237
391122419
147035860
625488164
440082055
318379889
274507871
858897335
102417405
194907782
695492171
176389148
837939348
841826582
957080432
998287788
80585746
928392115
17564544
440488072
906878089
208582258
741660074
878738302
502563067
317245190
530974601
295548916
953917473
525527050
725851011
670810111
809350599
594080489
59286914
795713162
170427059
417357287
842314701
570961877
199315137
607980011
592835645
612030276
739141374
703641764
707645291
629951945
507943099
752151262
317497386
474665479
948423789
180471814
942851528
223783077
878292436
805849215
521356648
707886370
386799404
504566753
987962509
135291931
459263916
792392088
187711163
1000870
434714686
510343702
296896590
336459343
340697022
696407624
530022190
113741346
183318164
182310675
783817297
745581753
218404198
462764835
295774183
799517717
482052112
187008025
275283808
808147190
488716827
886228455
688029365
657565301
542128217
568790670
215061087
109673080
527448206
802465198
835262820
161598495
566558851
5079731
268654809
270732063
468896620
627974691
281468404
880458528
349630391
722706539
361276735
41798270
69333093
138119149
524655186
104818292
537404876
640493422
584887984
972656541
585925395
81070395
45479761
667126567
384073776
939577191
819554518
85633940
228547862
148633923
566845594
736423460
120817753
4890028
20778713
335461771
754373594
806504242
147482271
124340409
873605882
141326007
942247839
815000289
59139851
471508968
436550940
307493622
992612044
970615384
639938048
633630332
846546223
823191780
294575680
776609197
858129285
78702937
57802448
261591795
674256350
102736072
694250266
778528283
899952982
782425847
188823142
362679100
989026708
48436770
973452949
293274191
377320044
891731689
46107804
839732102
907872002
733408873
994261572
776945069
60679048
925494252
350799915
844522162
957515483
513233935
628402387
27304135
132058259
152534856
350812046
255429301
973413326
627330430
545297081
140796743
991347448
43903235
294762918
628550969
584059584
141661045
485285633
845704297
705327027
114573121
130575060
994213027
961049254
130286085
77872427
984322760
446077673
155000206
983760203
581116762
73775572
847957479
919851255
205251226
798601494
322499102
141149127
909887904
254935435
469963474
231237046
603097893
936435583
912661459
418412664
400166764
476981916
78591155
179082374
212853565
515072825
322371912
3466797
284381904
455529147
92133846
950802007
703497516
785257871
187505207
41487094
134365355
273191682
5523860
290679971
725937444
976005895
250964673
98338175
260807
88399149
813280360
862559137
516781503
915814225
867343298
112775422
128902672
242148831
106853324
380449348
946336489
606442713
318250501
247367402
123051663
688488330
574434046
219495982
839530769
819035565
953525457
379365079
902896582
863387166
401079377
137388147
123606454
275442432
533678533
288872384
765098862
677457170
64342990
228341683
978350764
6472310
844388523
65949879
111016273
480172840
21359648
361818081
550265904
47426318
963633939
266908871
991523155
849527137
531289497
938533625
667231354
145228885
758903906
992551803
165166319
401434703
312396219
993202659
159663454
49558047
284381243
89914651
514518710
392274273
178893215
181141899
467551888
294879015
432309601
890269400
239220345
279913003
154132616
641582024
553668975
467803568
436918903
49396822
76661384
543633038
90513453
841165689
586870016
131951435
504627535
655020514
721566048
313375899
71793821
338880283
227246309
895752769
849384885
80922358
143379058
295159066
51180886
203675396
876409026
216148403
411345338
524197845
8222693
198304546
9867672
489705679
325994843
557504576
301218743
757419394
457657314
707519685
459354128
954080103
111365813
705419257
871704153
391221409
456255721
773266251
507810685
674152811
362556099
69232548
448259334
521976056
380858391
585692671
464645421
45033449
755895371
613206517
387892460
695689769
202451440
987238426
57552254
706053600
441183650
860039300
761048915
536496067
753031157
866485700
731511365
960594252
73002059
170899879
128613508
31641846
814501616
267877328
881489356
494887411
368535040
625562526
896905611
897847556
549247995
326320353
585900205
12207134
947316445
896694029
843777598
181046570
12841032
509316827
218077641
623793699
878496211
935728346
763547435
726932414
311576087
887124595
717068816
97346742
871620621
134782732
284069489
292716114
587654493
431754492
150487025
647159850
603888667
549093741
881257022
92038589
704322677
621353269
18883563
134403935
567100673
728568919
106049633
112221662
57287871
764557235
518771838
7636218
285858878
509227401
862578506
842316286
390579550
405949743
241767276
343530802
286129272
551750643
231630927
426099850
749683046
429358945
483696467
53878746
887925338
497275957
858122016
749511432
47031163
764714795
664894042
516731747
79565133
161840022
330935846
849079764
454742427
109137757
913187711
673195440
451890878
73288879
258042816
949086991
589489593
209509134
139795830
201388186
296997624
887054134
887335858
327303832
82846229
265624250
875734478
409416980
533561066
816593231
707407212
923525486
828509527
268614913
393178569
137989136
694031764
608153885
13147247
922431529
415221982
106960496
241226927
999303394
615501543
305688796
930693942
49665287
939280276
331292829
760947173
766980498
89858717
574435972
606371333
118566841
35539112
891341868
729815776
734622409
708303232
743526675
38446604
572457453
565657205
90522360
990865638
890562222
511207336
927091346
275871362
152770455
370062214
315950758
250292447
892159097
580081697
650285871
810337508
1190876
687683303
136268561
48120219
95631233
394821778
45136810
552621473
42306630
230426447
864262382
78449160
87539703
839430476
133411114
267648724
541330644
48883141
240180827
242864801
609764301
309605195
974597456
201650517
204006025
138323335
661441994
480219480
598216706
502704260
749813716
685067410
268111497
522200445
650175598
104462844
5841281
976102355
724684246
388343579
480690792
929622902
228565183
439747970
352885657
392365957
719826203
136572042
292231601
34379090
929226359
6317923
751594930
350138628
467689788
465080668
563273768
834285994
923953089
425298560
167303898
613481535
508131270
412752543
759793585
913001227
40947568
803970108
151460004
613127305
997038601
205831238
602423521
694188683
743502802
991718162
979526139
79142043
640900980
637759280
729319977
991663204
55847033
963691664
444114368
724492845
111929197
791300979
29311376
862524463
934015585
41944366
22779849
608816171
761274883
832351527
623620925
476672309
110455825
443636470
134912100
872400309
206613419
70659128
9490699
596371409
908073708
975997968
910714162
49930337
99008332
526171271
22876545
86502196
143445994
858625927
983314090
318725090
988355206
499920891
214371167
251605875
344623376
321667667
52122964
650289744
875431019
958653930
674264910
892098923
923242348
10271386
832475936
567079341
370041995
183151447
882286772
219177663
784510630
868032671
961649198
269105236
44102642
144207651
129398313
982452530
77893121
332126818
538393345
73822729
640525178
764106007
377433783
10364484
835647531
977963909
947051266
734797870
716814034
903171540
189638978
189532870
553659361
99199648
594135636
631637474
919341591
229262966
636990038
685571565
151509994
305825588
82273439
583182377
430828525
767628832
248990020
477104978
792389120
137827987
133084168
215118243
70293972
900721904
613774597
138657010
974550425
204179078
751857812
680450530
981620629
128518543
435565091
918198655
140269015
357252471
125469926
530045278
501781362
64031137
74974184
311171471
736215846
926416549
819460065
645646016
930684393
889175244
822588207
887742504
364847144
920120217
430728266
82575819
577337165
974598203
214205346
759619622
929667311
974947246
431098684
658718782
808351983
990210553
617966862
731094514
397030436
658829817
527033581
630818833
838322764
50469775
136934701
944990473
813293340
80713997
143444447
394151989
318389900
797267817
175204811
467161634
385352400
954574289
472710258
299279147
370884127
97457020
577579320
542508572
518966214
334051425
673008489
250267646
120823621
310534926
568200844
684768671
542172418
518698299
126171314
787876581
250491237
731233911
592392168
600963278
774204699
454942114
170309872
595279025
875728643
311348135
557924047
908816899
227402154
574577459
482354626
183414951
16031206
793985139
837810487
30564824
454388529
456141365
998768606
217254215
669374799
662887001
789626943
958559382
878175252
983821374
254712690
21255553
552755641
942763137
885679187
400921746
281062508
501015397
75359264
340760090
963412922
847243446
804000506
662359190
508642054
762069712
306140648
728014496
525280507
877170104
122684467
373518943
638158014
988391374
107796467
51984573
826340923
328109484
591053864
730408067
744817589
260001732
512849851
615553540
972580953
315517879
771851104
700260242
856463506
792221273
464307105
801407378
29329834
965726647
79313875
233914110
499355954
102388174
496600943
43558531
382247240
98736275
41655144
811298058
112769197
24279097
622830699
873224387
171990483
924020691
561485374
634497672
391544074
791340504
693608051
929260435
579033255
208990353
365083220
385860833
555368063
107088173
32589197
911265766
937825599
297835185
79039979
718489910
359353483
929956611
394761405
177931446
989538070
845941894
49147443
387337247
747138044
605183271
625645277
933196599
955127124
174273515
640233869
517548007
913545071
236894019
43078989
326562278
711471455
304759461
136724704
917559610
344279357
982191275
129431277
536478478
102907765
846453714
415876664
372782635
147931340
288929926
584723609
564510985
153355643
467898695
35718392
609533534
933092942
567468994
269467603
691953870
44727779
913466975
278839616
648091552
437640074
285215937
440736249
783021634
464797016
445406967
619862699
589193690
531234707
372183164
455535409
404400702
124322600
574290019
93801487
854535461
599823663
948048217
665189220
828316030
518499550
726259096
87043765
94135098
19084597
572720148
478783354
83567141
851595421
933200333
17884462
522382604
564238264
657679668
523832161
511644068
470290060
70695585
622223498
612436837
129761160
992876187
115099491
180319640
325725335
322850914
257097401
298904037
715882720
637467740
917353069
167912064
97509262
101105545
414291810
653428868
740575490
37025612
666670095
95062038
565779648
793916792
43607527
412744434
416484200
993705599
22641446
223139175
586628335
157964740
416559260
107755372
508784555
655095303
38082546
103207010
580897135
470450455
618970703
629802447
142813860
533294515
277132799
26389291
581639258
265431256
779567967
401074216
50647220
262759031
964638979
333252044
122713904
661245180
112828807
878660720
553147462
85647743
460534883
471676565
898848650
194765677
661638505
488012563
787081642
129358415
311886844
22071622
29020373
59582914
475617868
568335114
793960914
785165981
790593624
25697773
51219536
498760877
45368692
947873531
876725265
236209982
76865943
248215348
135073134
869888609
942144459
224976276
250530137
592047633
45793052
283136041
991146176
956092025
566000515
211061167
809515766
15537189
726470939
352521772
719001703
371123846
185952028
499989983
21095342
7573011
371022476
275205016
838395115
59451610
61770118
935754919
210159846
338894179
667817803
264258993
197675127
961619352
121988583
1171946
162505371
421533185
159672036
400817143
670483534
970043323
969748478
102234435
853171795
303009318
786842361
48224873
707067364
299646022
301522733
778633452
520044718
133115330
738857977
28534257
124860821
444278622
190142529
269801361
213478704
284365763
184247360
766922318
466532526
549352479
934899294
862056000
295987463
89147383
149442247
267445180
60828861
941412627
809977734
189898777
261007369
234721734
40706993
262614799
480993980
730336324
539032988
441389464
817166482
752102181
285571597
768841506
510070537
779729
219986615
495665012
345751743
751757591
143519830
306609001
9688779
778018322
918973043
477527671
661160852
50033180
34512055
809464045
146262342
155367951
76504546
55140419
972532048
641055191
82099910
961647768
245071226
831422208
36942021
261756158
289221644
985639319
744143247
18259042
375497723
328753700
35479010
881207554
408113560
894796174
11299671
934992755
285371380
698761681
292468896
82133930
178916839
371169045
591106552
468451636
591579544
975577239
281972800
413402443
945244650
790278885
823825272
204257489
69711489
700864711
485377176
591288920
31521896
507512104
743847816
347917519
644732824
969557047
32337265
972011936
696488817
101654363
693836279
470121137
733595440
834925847
940544225
99647202
880746195
889482366
896441789
899347212
131646270
109160183
704144337
918960183
54368229
879236600
287522965
353228777
864216503
100339385
629363994
363668877
237318149
521959536
896185329
883991286
742635628
95005204
965075679
875912934
468264747
745503415
49261079
588207361
133872380
223190376
654184964
563379080
456781131
13897533
86059958
946181447
148135466
572191961
191479033
50566197
48489117
853248978
452740352
672517937
802516192
692318978
531625572
144495209
874439747
123709533
421934029
454206203
686755577
369341786
299640666
4483019
977134460
891403805
977812357
547400449
132364367
647819649
162733647
317705692
828180774
38230536
442991293
28840496
538378891
978377998
109689079
796343399
818380661
683972164
40181151
14722893
280005018
700628721
607039118
604611101
953623744
676769619
39070146
669414681
978678706
75742563
340415442
465881280
341279192
98025648
983049037
158946613
93534664
665008594
87502142
208142749
797283252
789125925
773379375
616107175
540106163
150888866
958450596
197292597
974888583
799654712
637043430
228425840
599798885
324582949
450122235
412477036
424314730
811942264
995499782
112704069
929672801
67217676
737022560
245451796
785211257
758568778
802506448
174046501
326798287
383107424
523463234
399033851
117971017
49933241
709342351
28130532
929389334
243450032
708323483
290906654
240831331
792972363
995953431
501753293
592275454
786834727
126941657
57150922
403317617
893760759
581927520
815283396
522351906
48296978
771452452
442567019
133496897
709403605
910142863
245064054
65387473
41571797
557968676
511412855
86281885
381141242
690097065
49660849
864690810
836587615
952591590
716247939
