30
105 -108 31 -89 48 70 -13 -59 61 -18 -7 -47 -25 -80 -25 16 15 -48 33 -75 -124 -3 -13 -95 -57 -109 62 -4 -11 63 
120 -71 -110 30 103 -124 12 -48 77 -61 -105 40 81 14 28 -2 31 -111 -73 30 -71 -74 -9 -78 36 -92 -43 -11 -97 66 
-105 84 -103 -38 124 96 -85 -4 101 -84 -114 84 33 51 -112 27 106 -1 73 -113 -97 -108 107 -21 -95 58 -112 -23 -121 101 
56 46 -2 75 50 4 -111 35 31 32 89 -70 -56 16 -5 16 -15 -40 62 17 112 109 -32 53 -97 -29 105 87 -74 70 
8 -45 -88 21 78 101 -44 108 54 35 90 -87 -30 -75 -60 44 -37 90 74 -71 -47 59 -74 -115 -51 13 88 72 43 -6 
-80 -114 -127 -88 17 -119 -123 -47 63 89 -4 19 -119 28 56 -18 98 67 -81 -108 79 62 36 86 -93 -57 58 -88 111 -40 
-87 105 -5 -88 -80 -67 -81 63 81 123 82 46 18 53 53 -83 -60 79 -58 65 92 -12 -59 -26 -40 53 -51 91 -53 60 
71 -90 13 -32 -5 -91 86 45 69 68 -117 76 -2 -1 -55 -123 -63 59 -76 -6 75 -47 -98 -48 118 62 15 -52 111 112 
103 78 -127 104 -64 90 -26 81 77 -31 -88 1 -4 100 -1 -88 -64 79 89 72 -98 63 -83 38 -48 -114 -108 -42 95 38 
110 -127 58 -86 -83 -40 -124 -43 -62 -112 114 40 -48 50 112 124 96 98 -44 82 122 87 101 126 40 35 61 70 38 14 
121 -108 -102 79 -52 -103 13 -37 99 46 68 11 100 -56 121 -1 -50 69 -89 17 92 -115 -59 -71 93 30 66 85 -61 31 
-13 -64 5 12 -79 -37 42 118 123 35 -62 -57 -7 29 -15 -89 53 114 63 -10 31 -53 31 -2 47 81 50 -97 32 3 
1 -55 0 21 87 50 -55 -53 -52 -34 -19 -94 11 123 46 -78 -31 43 -113 110 101 -99 -25 3 -97 -16 33 -24 88 123 
56 76 76 19 -117 -33 28 57 85 57 -123 90 22 -56 -7 -18 -24 -102 -127 -99 -77 -51 17 46 119 22 98 9 4 -118 
122 -74 119 -31 122 -62 -104 89 -2 -89 29 -31 -62 8 -39 112 127 -49 -17 -122 -80 -64 -84 -125 126 -37 107 -7 -30 84 
53 74 -122 -59 -49 58 -17 -80 76 -5 -5 74 118 118 -8 -85 -101 -40 22 103 -86 -115 -14 -125 -97 12 -77 -74 -32 -51 
52 -18 63 87 -39 -38 84 64 -123 -2 -109 90 -97 -16 -12 -110 -85 -48 46 -16 -1 -11 -56 -126 -99 -1 -101 -82 53 -42 
-89 -79 115 33 9 91 -18 -69 15 15 118 -11 -90 -101 79 3 122 -11 -30 114 66 92 101 54 -91 13 -57 -126 -2 -109 
39 23 -16 57 13 -40 -16 1 118 -93 -20 107 -11 -36 29 99 -115 -77 -3 14 53 1 89 22 -99 111 42 48 25 -43 
-29 -78 8 -124 -39 -68 -43 25 -127 -78 48 124 68 -19 106 -67 -126 35 17 39 0 38 18 -112 113 -110 118 -40 -125 -63 
-115 -22 101 -3 -103 -33 -93 14 13 -98 81 76 -7 122 43 30 79 -119 -14 46 94 114 -8 -21 -110 -69 -48 50 8 113 
55 -68 92 112 62 125 -93 118 -2 -1 -121 -42 -23 -116 56 66 -9 52 -68 -19 -23 48 -41 25 -98 3 -11 -93 44 -107 
111 -110 50 84 -3 -110 75 -27 97 123 -105 95 72 20 14 76 15 -8 -28 -104 121 -110 119 115 -36 119 -75 -101 123 78 
32 -42 39 50 -9 -35 55 27 24 -104 -125 114 -57 1 -53 -68 57 99 43 69 -34 80 9 77 -62 -72 -109 127 -57 -34 
64 24 -45 4 57 84 112 -32 -6 -26 -50 41 -9 80 -112 -44 -1 -113 -1 67 49 -18 -1 24 113 60 57 -92 -3 26 
44 60 122 -98 -80 -12 4 99 43 100 45 95 7 42 -115 -10 -50 88 -108 113 65 4 19 83 -68 115 72 -116 -72 -90 
-79 -123 102 -64 -67 4 58 -16 119 -26 -37 -116 125 28 26 -127 51 -45 -68 -116 11 -121 43 16 -67 62 75 27 -34 111 
2 53 -32 -97 82 -53 -109 -34 -50 -120 69 57 -32 -57 38 -19 -1 80 -111 25 -106 12 81 44 31 -77 6 59 42 -34 
-58 74 103 122 72 103 -102 33 -69 125 56 -15 87 -124 -24 88 8 -62 -106 -10 -22 -15 36 -79 125 -26 -118 -67 -117 116 
-45 -109 -24 122 3 115 37 -72 87 -9 -2 83 86 113 -62 57 53 69 24 94 19 122 96 52 -85 -58 21 103 -105 -12 
