11
15 105
8 5
15 5
9 12
3 5
1 5
7 13
5 13
1 2
13 2
15 13
11 13
7 3
12 1
4 12
8 14
5 10
4 11
7 10
8 9
11 1
5 11
8 3
5 14
12 5
4 14
7 8
12 3
4 13
1 3
1 10
15 6
15 2
10 6
11 9
5 6
8 15
13 6
10 4
4 2
1 14
13 10
10 3
12 15
3 2
11 7
7 5
7 12
6 9
9 15
2 10
14 11
6 1
1 7
8 4
3 4
4 6
6 3
15 7
8 6
7 4
15 3
12 6
9 4
10 14
8 11
9 2
8 1
15 4
14 2
2 6
10 8
3 14
9 3
14 15
11 10
13 8
12 10
15 1
5 2
6 11
13 1
10 15
2 7
5 4
5 9
9 10
13 12
13 14
8 12
7 6
6 14
2 11
12 11
13 3
9 13
11 3
7 14
14 9
9 1
12 2
7 9
1 4
11 15
14 12
8 2
18 153
13 2
18 10
6 18
17 1
12 6
15 12
2 8
7 5
4 7
5 14
10 9
11 8
16 5
6 13
2 16
3 14
3 13
5 6
3 15
9 1
2 10
16 10
12 16
10 17
10 11
1 8
17 14
1 15
1 11
5 18
12 13
5 8
17 11
11 15
10 14
12 8
12 18
10 15
8 14
1 13
16 18
17 13
5 13
1 7
1 18
18 8
3 18
1 12
15 5
13 8
10 5
15 4
10 13
16 15
9 4
17 16
3 8
5 2
6 3
6 9
13 7
18 7
11 7
7 8
3 16
6 11
6 1
11 9
17 18
2 15
12 14
13 4
8 17
9 18
3 2
3 1
9 8
16 13
10 6
11 14
13 11
11 3
5 3
6 15
17 6
9 3
12 2
15 8
7 10
14 1
4 17
15 14
15 7
7 3
9 7
1 2
4 5
15 18
13 18
18 4
4 3
13 9
4 12
7 16
4 6
2 9
18 2
3 10
12 11
6 8
18 11
1 4
12 9
10 12
15 17
12 17
16 4
3 17
2 6
16 11
4 14
5 17
5 12
11 5
8 10
16 6
14 7
14 9
11 2
13 14
16 14
1 10
5 1
7 2
7 17
4 8
12 7
4 11
1 16
15 13
18 14
3 12
14 6
17 9
14 2
7 6
9 5
4 2
17 2
16 9
15 9
10 4
16 8
2 1
2 1
7 21
5 1
5 2
7 3
1 3
7 6
7 4
1 2
6 4
1 7
2 7
6 5
2 4
2 6
2 3
5 7
4 3
5 3
1 4
3 6
4 5
6 1
3 3
1 3
3 2
2 1
14 91
4 14
5 9
1 14
9 11
11 12
7 14
7 1
13 7
5 7
12 2
4 8
10 11
9 1
2 14
3 1
6 3
14 5
14 9
2 5
1 5
7 12
11 4
8 11
8 7
13 14
2 13
8 14
13 12
5 3
1 11
8 1
10 5
6 8
7 3
2 1
7 11
14 10
9 4
10 7
11 13
1 12
13 3
12 5
13 4
13 5
8 3
4 1
3 11
12 6
6 1
12 9
10 13
12 8
1 10
1 13
12 10
9 7
2 8
11 14
14 6
4 10
10 9
6 10
2 7
10 8
8 9
5 11
6 9
12 14
3 9
13 8
3 12
7 4
3 2
2 10
6 7
12 4
4 6
9 2
5 6
2 4
10 3
6 13
11 6
4 3
2 11
5 8
6 2
4 5
3 14
13 9
17 136
7 2
16 3
8 1
3 6
10 14
17 11
17 3
1 2
14 12
8 10
8 14
6 8
5 15
7 3
8 5
3 11
5 16
10 4
5 14
14 16
8 15
10 13
5 2
8 7
16 13
17 15
2 4
1 16
6 4
16 12
12 15
8 13
10 3
5 17
1 4
2 13
4 13
5 13
8 16
4 12
11 8
1 13
12 9
4 3
5 1
11 12
12 17
9 1
16 15
4 14
2 15
15 3
14 13
4 15
15 6
11 9
1 12
16 17
17 6
2 3
5 3
10 12
10 9
2 12
6 14
13 7
17 10
2 10
4 16
17 9
17 2
10 16
9 5
7 11
10 1
14 7
3 14
6 13
4 5
6 10
13 9
6 1
5 7
2 8
8 12
1 15
9 6
2 9
10 11
5 12
5 6
1 7
9 8
14 17
6 12
11 16
1 11
17 13
1 17
8 17
11 5
4 17
12 3
2 11
6 2
16 7
14 15
13 11
11 15
5 10
14 9
7 15
13 12
14 1
3 8
15 9
1 3
16 9
7 9
15 13
11 6
4 8
7 6
7 12
3 13
4 11
9 4
9 3
14 2
7 10
14 11
16 6
15 10
2 16
7 17
4 7
9 36
4 5
4 1
1 8
3 1
7 3
8 4
2 5
6 7
2 8
5 9
7 8
6 4
7 4
2 9
3 9
1 9
6 9
5 8
1 2
9 7
1 5
8 9
1 6
3 2
6 3
8 6
4 3
7 2
4 2
6 5
7 5
4 9
3 8
3 5
2 6
1 7
12 66
5 9
7 10
8 1
4 7
11 10
6 10
4 8
10 5
11 2
11 8
12 1
5 11
3 12
12 8
1 6
6 11
4 2
9 12
3 7
1 9
12 2
12 11
9 8
1 4
6 12
8 7
10 12
9 10
1 2
10 4
7 1
7 6
7 5
7 2
4 12
5 1
3 4
6 5
8 3
4 9
6 3
6 2
2 5
3 11
7 11
9 3
6 4
2 10
5 3
5 4
10 8
5 12
9 2
10 3
9 7
9 6
12 7
1 3
11 4
8 5
9 11
8 2
6 8
1 10
11 1
2 3
9 36
5 3
3 9
2 6
7 2
7 4
8 3
7 1
7 5
4 8
4 3
2 9
8 6
4 6
1 5
5 6
7 6
2 3
5 4
8 1
5 9
8 5
6 1
1 2
1 9
7 8
6 3
6 9
7 9
1 4
3 7
2 4
8 2
9 4
8 9
5 2
1 3
18 89
16 15
3 16
13 15
7 9
5 1
18 11
7 15
2 1
10 13
16 17
8 18
4 13
3 17
2 12
17 1
6 10
10 4
2 4
10 15
16 2
15 14
16 11
12 5
17 13
8 4
2 7
7 12
17 5
3 8
11 3
6 1
7 4
2 10
18 17
13 18
13 2
14 17
18 12
17 9
18 14
3 1
16 14
1 16
11 4
12 8
9 2
8 13
8 15
8 1
11 15
16 9
15 17
12 16
17 8
6 11
5 11
6 2
9 15
10 9
3 18
12 6
14 13
13 16
7 13
14 1
11 7
6 17
2 15
8 9
4 1
18 1
1 11
3 10
9 14
5 4
12 13
3 15
14 3
5 7
9 6
6 3
8 11
1 9
5 2
4 15
14 10
13 6
2 14
10 1
