0 0
1 1
1 1
1 1
1 1
191489364 319148940
752393987 722298229
568135598 982372891
550715166 580629348
410173289 832619359
727466615 985425049
469731446 138127332
169276807 68179923
963819809 637395776
625006383 273741193
15468093 438724059
478286960 262143761
475341889 466598447
572577156 115889710
30662113 810514477
503994834 932041798
179799262 257694720
97450461 103892623
894419399 975404711
896708122 915493915
529258611 318613033
523153996 778447715
902821878 526732797
909429976 839767868
21953116 75373515
11644666 821356283
292642654 801981994
-887570541 -293615145
704081335 210210379
266030058 844813559
9810176 81121895
-525674086 -445255822
