0
371403
356091
0
377133
197637
182103
765528
593298
15102
1280396
2750279
881519
30900
399412
3748196
1970828
1293117
2410451
4077538
1123859
1935973
1435465
3852363
1651567
310001
321837
1596891
2828805
1191171
3340371
216918
5771348
6060141
771767
6425883
1596324
2497983
3655410
3662507
4420950
3118599
3413517
690768
2012476
90378
6648503
479076
1167555
8287744
5440127
3831875
396556
6058863
3636965
2622656
413073
1787378
314961
5004718
5802727
1636520
1805939
1850116
8372228
7304246
9580538
3125673
855834
9371286
3002093
10195860
7090638
1954395
13652893
14933420
4111168
11849441
148122
11772477
2243982
13310356
12712624
7310952
7249257
14458480
5610699
2826277
4568996
13902705
3463685
3225873
17058102
7993654
4925409
16196018
15777541
12131017
4121616
2265686
10221849
11226353
4989030
4527196
13206067
3333592
2868213
19080920
3287143
9974076
8635392
3190292
1485506
8739527
16952099
19532374
5887104
1430055
11371065
19357483
4369247
18822518
10635616
20695036
7920739
12503380
426855
14435231
19620455
3831310
7400562
6261333
18182818
1833079
328600
21962220
20712193
21040978
9394637
6541942
6655387
5690321
7504650
15027879
22142702
10482993
3143373
9056147
13917604
9177800
111335
13396134
6045366
17357309
569704
20269693
6155935
10749799
8683458
16760720
4701076
4566534
14873135
16679904
26453530
19344730
19902797
1765373
786165
14709062
7887376
64430
19280567
8208668
23524186
3672877
830725
200329
15598389
24158332
5543246
5910824
30071955
17980934
16348529
31382316
16379563
13431906
12964646
23716629
2572
28200399
27423501
3763506
20678314
30760461
2750166
6677191
981979
18353538
31325836
17073141
18161316
15403122
8288470
32110285
7902032
16821877
6141742
12113947
22064762
4317928
9165233
27053635
25286259
4795310
13680218
12558132
8200787
2229190
17259033
3691897
24147437
13375255
17797563
34862883
2526445
55863
19436332
37030257
17903253
16611892
3972795
12707605
20619034
12093875
6821581
35102485
461730
8873004
18247240
16525236
17881086
33315853
40902452
24424848
16985164
1733329
19470361
7539081
207850
10313651
10856383
5332034
15068338
29324249
30927097
12352071
945150
32098037
4741517
21261332
2786774
8563150
1634330
2969991
44316439
7609200
43734389
16728556
3247616
6293769
13506361
21939786
34046897
5131015
40530150
19359570
27672575
35327174
1739571
2801012
4402001
21684575
26521072
35965878
12829333
25682682
13309343
16563279
13140646
4231133
1762984
40186328
2704791
6014873
29605418
45108438
7976859
26625691
9584761
296649
32491027
39608134
11817159
48336893
926519
13749704
44265235
27963977
28206621
16612294
8319417
13707991
19577610
37593719
3474503
27684459
42105342
20045070
3500607
1170209
10206298
362227
11708513
14433475
31005556
6544114
915997
13350937
38446754
2227087
41094527
32229031
16523642
52325917
19120706
45992451
20103862
29394142
145015
22308412
4709684
4239216
4463290
8453263
22207396
15787224
23692214
49614739
5303936
1510616
25164457
40226773
36305582
6256816
16160843
49152392
4985490
47650391
49940813
58535159
8875211
7234723
3831529
16313205
634367
41044188
24091652
54952366
10330724
16493976
44778729
58442933
2583889
33710939
3293448
11602595
13593770
34281274
54436671
12090766
52573754
348915
25413730
41431355
5038417
23856196
60879736
22052313
27669328
33413797
21502454
25140695
25834573
42486904
52071957
34980544
16412579
50835662
53227528
24555080
47393479
39967876
1845791
27141372
1686151
53950824
136401
35227573
32869422
8591079
22541897
16774766
56070120
21556142
3822471
27747985
4596485
4779117
33159585
9095783
16340899
9454677
7792299
6939621
16529886
1896618
57606358
65927315
25037573
5987689
39705771
21139239
43893765
67292955
14478703
27576898
46574913
33115890
18338518
68267417
1051956
50435711
21392979
26881363
50496547
64076809
8054944
19069558
57662216
327177
32446075
13700209
63956269
913945
14879608
39950368
41495963
50260416
32478113
52874309
4546636
33239675
7535757
51866000
4134341
4329163
48501990
72143882
14693780
3429816
2145979
39029286
883649
35944454
28602272
15621799
11332988
1352962
24008049
26880968
60444235
12767896
38057972
27563679
38772975
22108955
10530803
19223023
64784972
30999221
11426102
38746303
7167752
53107578
29637622
30443037
59868784
34012512
13708444
19200542
6689670
71620332
22299085
0
23377
78960
1980
181023
0
9756
301687
273438
601521
210385
939830
1036445
995
1137762
203452
56581
1342979
105320
2257514
2746319
202521
3078995
702950
2544294
813716
1971014
2200217
1902515
4866840
2990860
4224128
4327117
2850449
4452565
2809315
895563
3813599
76440
2004858
1781544
3466224
309577
785358
7889560
2881307
2265548
3647079
163225
950405
3815380
9665507
6377723
7223988
2167481
272846
1142325
6857378
3223395
426692
4079885
965405
1815985
6152149
10818136
6044113
1057814
1733770
5639386
7296352
9327945
11233995
7143776
279494
717982
980116
6723082
3384381
4043110
8344102
5532628
13818915
3037350
1031466
775204
13957599
6156814
1176591
4851281
12313462
1092610
1091706
1249242
5697213
12000466
1884098
2801301
2078231
180573
7956106
10566503
10002809
16194699
1237932
9155763
8767329
11323756
2303915
7726576
14175036
10526935
18718103
2196599
4655779
9745087
7200769
13205895
3463840
13594900
11268347
40755
11594026
19752789
11699545
1882970
50520
1510451
5310790
17674586
18513890
6477495
15990271
1604964
4864092
1061046
14516236
6389120
20185476
20200145
10910070
6169957
1358506
3659400
9218301
5629900
10230470
15154716
10158650
14920555
10547594
4949616
5548894
14423493
1976084
9252273
313824
1163217
16238499
4620021
14486117
3784945
21744946
9682341
21667599
2480281
3370016
14875697
85353
3228329
16739812
7623605
22364452
9200583
7010908
11326430
10334583
2940623
16098293
14016467
9470193
4929723
5515168
11260251
20098910
13379303
8243251
22742862
20930195
646939
7177404
8100060
14015168
25801643
19677327
2915688
8390155
10549554
11709005
10611746
10769407
1468381
14859123
23828633
17621140
6366616
12218856
17925148
27814611
886979
22943064
8951467
8156362
4482851
23370399
12278982
2344906
7925377
277312
2353994
5075516
1657914
4558087
932299
22893623
5069149
20614425
8681162
21325933
2081597
1410597
13405495
16738120
19723950
27851132
19166801
29368532
26816927
1723414
24214085
21239265
36483624
21738717
558246
27825483
7705089
34927202
1858116
4517233
5893611
15186326
9020682
761691
8079089
6345153
3224327
13294438
39490954
27049848
7094733
13962976
2882578
17531409
1685301
11060991
26316342
7024729
13223169
36757347
2985806
2839637
23350958
25379307
13123134
13651869
6107266
31552065
44692745
10289890
33899765
18411341
43973130
17301706
38557765
5499398
31000923
19208901
2455280
21076941
45017965
25662722
12370116
1943098
11387144
19977715
4508440
363368
28745748
33939743
33271614
37670778
28852256
25390880
11568243
42207994
18292255
8041328
3645840
12163462
16536733
9713903
16779730
23077779
11958633
5965530
42699423
6322025
14099654
816729
1149422
44304349
3162903
45796999
42703196
43475443
40563445
44792383
153324
5765130
449370
34202476
4818994
20266435
1010244
14956543
3997714
49968710
13868535
55357473
16633079
37025311
53155023
51019912
24076632
52289787
6704820
13555662
4863097
24892535
6292381
25302386
41437763
39088867
307035
27733415
55973258
45142121
11078146
2595527
44649088
18014959
26723196
638184
13761026
16077871
17389541
31185848
36562183
32168456
22356748
56900074
343231
48960688
16570418
7947279
28496028
42779331
4989346
45691105
21179104
13065552
37889087
32014837
15525976
43046946
1917753
6756294
16279079
22234300
6551235
12892156
7287084
15033062
13421060
30223272
3740806
1572755
8438220
25289416
8979133
12033417
21054499
938841
30389104
17428377
60885229
52337137
56449419
44800551
35587767
2407911
6200792
15513182
22518952
25406463
9232202
4745132
16790574
21854026
9186713
26254594
32969406
45810854
21477479
9753175
6736110
61826210
239885
29731118
5115479
43055116
66769570
55905240
17199812
62347740
30096586
41857768
27575164
37864776
17843423
3859357
62047074
46338832
48547100
13361821
38954289
44423889
4013668
34294337
8116592
27996481
57610922
10262333
22568772
17964601
64046184
41387699
53708605
67714667
16843697
33873229
5887807
65182421
12429339
24049270
20303385
53712454
37571615
9152942
38133948
36399613
34019431
46515706
38657831
32724642
13801763
49573401
28129621
45125354
20063616
5816653
34119110
9825943
199980
1957620
23768363
56036214
23566910
9862217
12941279
52962867
67692323
29209410
339502
37435849
61121526
56318949
35063380
48642919
49069484
58936034
8947123
32379414
38549324
52006998
11614798
24372666
12097630
55868950
16600578
383112
9329994
57209533
5329014
48778546
23984325
155803
48986
458416
88858
435079
15079
508015
191254
164004
178531
272768
282267
1218583
1315501
1208426
1106470
2765
1299869
654898
1899157
2724413
1247615
402477
986149
156426
303958
1741444
92967
1109302
1332896
4222292
1918037
3560164
1862434
3489750
709809
1496678
2726871
3387372
815817
3307122
4908650
2823751
426207
5538121
3340011
2865260
3687257
1445932
10472
1039603
1602950
627787
811326
658565
8181153
4701926
3749822
4680850
2343856
6934163
3728029
7765799
5275178
76419
3532325
1803451
13189
4560528
3637022
7821385
3760137
844033
5123497
4025200
7450256
6077960
4275199
4374518
7484634
6715651
672778
3265840
11030920
3892314
1135536
4835061
637216
11573123
43110
13763748
8579465
3692493
10506494
12445571
4158796
912904
4741426
14006513
12296472
6551855
1294350
10542353
10626726
4585278
4004596
1150310
15177536
7584376
17354381
2866798
9601994
5828358
1609445
10967389
7173400
7081624
2726505
6613093
15732365
3091107
6732366
7173735
18375742
5121171
16862483
6665103
2753093
2018031
1066851
41962
14425231
15750194
2013677
13038576
10312949
810646
7009638
1429746
7593975
1487748
5397591
10245864
15712385
13170634
20600899
14928253
14017725
404621
2420707
21798052
2374494
19570632
18455797
10726725
5482903
8573771
17565415
13804862
1516075
15176132
19878680
1528272
5869354
180928
2879760
1390923
13322110
17519766
1021163
5703079
3853198
2739608
2600598
6526204
5048312
2789083
18642420
7747816
21698172
9259346
10420887
12784188
11279863
5991279
12688135
3700292
19586265
22657991
20991592
21717897
27016839
4027320
19869452
20006284
1712446
25418869
13277486
4658728
2451485
19173606
9926621
13535187
2551748
17634190
11263398
3080810
27896219
18022399
28328214
17756607
16947232
15077969
5986404
5128747
22544828
2053322
19759072
1344152
5690863
4533789
23752548
34283312
7841727
10680360
18913452
3940735
621313
8365796
6513942
2816718
25071911
1506846
27109200
30605433
11906542
14029144
1421852
7462363
8922373
4846827
11591925
3484382
5861591
11944896
35717255
23877748
3858745
18938924
19529381
33069286
13057857
544855
5187976
39123971
26555699
12407256
10937058
5136013
6590696
15705843
3259864
21192757
4219035
29517734
34727487
7189059
7296360
26900851
2235448
16822715
36785286
9864565
17487493
21363008
9581750
42512720
31506604
37965778
24388829
13714137
2459618
811666
5123798
12226635
5546778
401213
21728964
9448013
37539571
8359428
42265039
29211816
12690790
15681106
18575026
35929747
9248295
29994629
16598010
31695632
8616439
23629303
35537929
33966894
1256502
41999120
12373214
10952315
15348641
17657234
3266597
20379011
13539291
809784
2789493
1515204
6430844
43023145
37136894
32348338
18312179
146611
8088112
1730323
40533207
12847541
40269489
3027040
246484
44126458
1515950
7364362
37100869
11591027
40905919
26131521
38692272
456701
9548602
31136340
30011793
8749819
36159523
37433939
23997097
1244619
37610811
5658318
5954534
33291468
23738447
25274707
14624813
24440439
46252190
12937701
43022616
10700979
43443501
10981107
17978540
32073731
22998176
55640717
54994298
12261770
3717140
28043690
24829900
38355217
47728448
37554535
47495582
4178663
25906100
58501911
22773945
10057659
29847488
3489034
40848467
36966461
49432642
23845661
55818954
16438887
18192098
10940559
17976505
9606476
35073308
26381454
61208916
14325226
14034905
61933335
8472998
32773570
51823782
3860059
45048854
14692351
18708365
58728188
4431573
17805533
29251327
11338809
61582552
59296038
6067136
12282870
33096810
18027035
24419858
10764987
23375959
1160358
61034079
10365298
59161478
12527227
19330697
2829375
45589721
2454784
9570514
4801260
44939290
4307740
10710587
55765752
36081068
20315687
6656118
1974198
66729791
24253257
13496456
65183259
27693254
47342883
32040814
28454695
28236405
5488966
64968618
16920072
72387779
2699354
57815861
8508257
306159
16882538
35180990
13151948
18052363
72282417
39607838
11658226
3387646
39523023
56886624
5494161
1020605
58655937
57923556
23618142
75517679
4264547
24270133
10756662
27860285
14647574
71643879
56204581
33165135
62083584
10048717
35840288
16816780
71857851
17307767
14546512
19403173
42852299
15093971
36044244
20219108
13004866
50554367
64617458
10880519
10817515
49946015
28535223
23768921
17558493
64061823
17630717
3211414
3498469
73830439
44199739
130275
59250
275340
712486
171420
0
254310
78350
343400
583686
1512570
2818460
70613
390350
2459309
2921665
383338
435341
716968
3780455
1650342
92361
4787645
3660068
1903825
1063405
5437769
6591550
445119
2099997
4471545
866122
237240
2134233
4792036
4750386
2405006
2616593
573860
2254240
671923
1027871
2045265
1514759
7581128
6342878
739119
3274731
2776380
8262768
6774032
2908511
5308167
7931772
8905869
3658619
2088923
757719
8062179
5540954
1277907
2053695
878548
4578240
112313
1987458
9993782
4853297
10446227
3426312
2540719
3123998
6413454
1529187
10945132
1275140
4316056
8977279
653507
9799799
2178674
392771
6033296
3068638
170468
12068622
2482670
6322844
9419701
403918
3071180
11759907
7086673
58990
6195352
14726092
464188
2861774
6386834
1166334
5954731
13223978
88757
15655565
9333821
1946856
136178
14044446
7755379
14572793
6685646
12339012
12206260
6137416
9348542
11782706
1141559
14932348
14249227
245412
2365812
7816395
2208068
8927349
2984071
18731648
3723376
4281011
20987140
16079164
4645282
1274075
17048971
5361789
11095971
6353822
22413849
2554664
7140296
20613310
18605881
4405185
14408127
20977967
7647318
2962403
2964985
3065602
13086412
1999876
11121114
11325268
1733078
20725004
3356504
5705353
25510023
1504890
8952414
2071412
21160931
22627471
22528548
27553472
7006064
1335018
21475496
14155011
16825286
41192
25380656
27880468
11563594
11224780
23154116
12959917
29309920
1684412
17318093
6735010
22014890
28670772
12742646
22864963
11526198
13029024
18148024
9249426
12643827
10081069
4113800
28171500
1116399
12552352
29649894
1986496
4505953
1894206
196695
28815414
726761
1302021
10635569
14570326
8924959
27366417
31297205
2128546
20412098
6741320
15395455
7478099
12402007
361437
827573
32891345
18526087
27151758
2373339
10062495
5842685
464950
11683404
21726351
29863469
15828132
9935365
18204298
22286098
5480638
1004109
24759967
6863154
14074642
19515583
10664341
25337454
13840331
36037803
7576941
19518857
3448445
24397611
24699006
10697545
24177129
31601982
18017808
9752281
12863680
28452267
12312096
32372060
37614961
15176859
31020897
355745
1688406
17544224
10072861
11859110
26241385
38257270
2899395
31817566
24151506
14500568
43883908
147080
12539211
17952528
20442457
38931884
40822646
401808
23979949
40163941
7715044
40070218
27665305
27377025
8570780
39055120
30910897
14723456
32193377
10637961
38478671
38873113
5642244
26554615
9035861
20176325
45736593
5967507
15678703
13408008
10478849
26193
24760791
38901240
16462821
37863757
16256384
45560470
11041523
43951171
4379335
1531589
23400255
30968679
37566041
20299039
302436
1556163
3132888
27658031
14000908
8062477
8290975
38679619
18725374
50947292
6908398
17506383
32490121
51953999
21600138
29723972
16738088
41216172
39388566
433956
46538506
8960608
13511654
19757945
5811365
48183031
20690927
25537337
47151267
22884566
13006762
45990440
1133642
3996345
3667636
20656308
1444073
10526731
41239853
1763935
2498305
14663459
9917407
24080174
22787695
50765899
34503905
8012692
17091175
8098873
16357770
8153687
4975050
58517845
51889362
42471362
37881036
2258612
58524664
743017
17128137
6482553
19255595
56598911
32227020
53143158
19425956
45079219
12063539
36670453
54893503
48318689
17501473
60045312
9467877
8499710
32324791
43763836
43907530
8567225
58887775
776121
44660083
43694598
37115642
6028756
17995915
61345439
8730723
41559377
48391783
41385522
21692428
9210056
21617012
44969355
32138903
46602356
21033322
20064905
22607016
16245161
39503002
4006997
10474537
24110904
51574022
3352893
16227978
42614272
1632898
5317402
175572
32696588
24186193
46124612
53890860
50134556
12987521
53313305
14402724
27217641
59917582
29008220
65721066
36361993
44000623
52569587
37335599
27285252
10349877
50387509
65176251
58069609
16543838
49411150
14472140
18319469
58702820
40333263
62010209
67738642
188926
16878908
42771025
51040932
68692866
14428420
62950762
20762827
46680354
11212287
65544763
7833752
65612085
22278814
18245966
19143397
67487179
48428370
24564455
11819089
14464163
11021949
15932590
36690461
56734837
15284445
59443195
35629758
44718100
72813094
27681571
32109962
29386928
36704325
28675464
7450033
31094984
102938
76556443
17416832
19187919
2718776
4276538
950500
25797168
24261782
15890292
57050
34201232
56230329
21881518
13722627
1747481
73484371
35463631
75738412
4757868
66876920
175582
2907470
15231903
32374714
18929738
0
384976
1449266
255487
939155
65042
1236874
100170
1417544
869611
2639722
3458093
8208
806399
1115755
483187
330771
3443357
3192246
4230768
3471297
130168
3969381
257357
3267109
1569019
4030219
4784199
1705039
5316808
250191
2850298
6240670
4978701
4639184
3183282
347970
798143
6500284
7565449
8458228
4037577
150422
3471420
4921373
1643369
8557993
197649
159233
1910318
1237116
8410563
10464596
5362877
8805133
5517397
1251324
6794462
11986492
7006123
9996739
14346859
6898211
1546534
12516493
3105898
2063597
5676309
1046797
14209063
3387669
1003498
8986395
9896240
5608697
4246100
11782459
8560542
876291
1540282
202671
11750613
4719949
2051196
16189005
13841006
4780275
1028487
16773583
3922161
10827764
4966416
4609580
4528675
11804860
8808403
12768402
2218646
5489025
7141674
6992675
12073587
6369759
17537465
958860
2076960
5730467
14882293
1742331
17271596
10842224
2135403
3180470
20564054
230347
5082493
3482198
6409948
13808576
13726217
19664584
11516250
15306599
13256512
14152640
5232075
7334490
9442360
14929625
6216255
2621874
23660073
6216187
1129716
2050076
1141755
3993652
6029511
2301051
242348
5161487
19369800
15422028
3510786
14254963
24072888
12498167
1983293
7459709
22947450
2497460
10005883
18411542
10049069
1367820
17838598
5692995
7428258
13344256
15481286
602861
5173677
12638973
2184817
1687704
25532978
18664618
16405902
7541147
633678
4122167
23847229
8725587
20645961
6888609
13757956
4958139
264132
32074760
3018532
35297181
28323594
7821849
28453324
1106816
3213045
395560
2836855
21449564
14742006
7343568
20722343
8154487
20135458
8448181
27642480
13702299
9322034
24694321
32668394
11019817
16264607
3232278
21215713
20936031
22413429
852182
28289619
10424320
32026553
382669
21100261
4232047
1438833
4424005
19363304
9103874
19741765
38684445
32658108
11077938
16805560
33792181
12095814
27055884
2063205
32340763
35127088
14986845
7459499
2520501
20164174
22174787
27823900
28122281
9334896
30087631
21353255
14484672
2624547
4435198
4608426
25631235
37967861
17482162
14968096
4901545
8253369
2427788
36840102
39235032
32803658
624052
9416969
11324751
5234329
45077228
42149613
41968847
8973731
11071944
7476877
50178599
16287325
23726489
32454740
16818756
24230956
3134278
34712730
222532
51356230
49806983
1076315
8961800
13379638
34275847
1416596
35900519
47085583
10746502
18866265
15544554
16113808
14804089
3063076
35014341
34745696
42586430
17830831
10325754
8302579
11586628
49773694
26549957
20570445
32852177
48027485
27052254
37937087
2214443
9698137
4449444
14870920
30662034
26941146
18091579
44680087
21308416
2155722
29123474
6955425
50218629
7093466
4920322
5192711
35292182
37644500
47549755
84803
2984781
11842363
46487162
50509006
18632130
4023934
13037611
53061145
54698907
282694
42268112
38815060
21635308
24550033
6874913
17123811
8888015
49561093
33302009
20825322
16727053
58665937
23547755
9717486
52648468
32605561
24995683
15054523
11299359
9228760
44543995
5507424
39985252
2795088
42909189
43493746
32201374
3625280
12693050
34678530
41528110
19985489
3231594
38459173
5601583
27637357
3608825
40552150
1685105
20616975
15685217
43197114
11085340
20775489
63145915
4088767
59453359
41897990
28848136
12074625
13596994
19560431
47043485
13127862
11559845
6943796
36555860
47898364
11587553
16991733
15641016
70155830
32745238
25295742
13059107
62466457
38051352
346836
8887020
17487724
36670061
67249670
52821165
46102747
30182228
3559084
4797022
15892492
2915473
7969508
12572794
29970081
29275850
26963840
45938054
36098816
4010562
9982134
29304800
38914411
25130726
58483861
34442016
9465090
14210314
59220148
17683270
19260298
11382337
2943254
69923137
42676668
63173821
81306921
18701562
45086023
21386482
3116958
71004724
9099634
61790008
17042040
2316739
50053921
27857129
1305361
34146181
28930913
41005568
2277375
41018229
30328893
42950003
20989738
17282955
1465764
26130230
40543965
3453108
39445599
51457353
16886821
86538423
83405089
63917997
55123937
19663294
10377456
77176200
7904811
28301482
18336152
30767041
55047645
62245363
3145458
60580180
3355511
70062876
67189813
65121981
46096485
25374288
16408682
55437295
172666
234956
79744
343938
727874
33500
150303
1190069
98263
580508
2619923
776245
2930630
220571
972237
2395068
379598
2881466
335244
4047393
1099443
1316853
3864443
3061402
2691993
1064825
1699232
632506
3815539
696783
361084
553129
1825749
401852
2513294
5293379
5597921
3276478
2672147
1804228
400352
6554389
1766098
4114580
1510201
32960
7991778
5622715
1107576
10592
8117013
2368075
1021111
2933672
6349582
3109747
4231042
1227387
7227372
619112
4993639
755234
373534
7296705
1007875
10612114
6116851
1742548
7558059
8443437
1242504
1917704
3872225
6195160
407773
234410
385788
361608
150600
3839197
8275643
1796392
9432471
4349687
1485466
7713910
5798808
5318852
2479552
11384958
1131250
3899054
2703483
6837514
4405714
1792862
4247682
6980902
5283780
1485766
9060082
8355653
13808328
4814432
3239969
1435298
1501643
959536
6009435
2726538
1594732
4209653
12443585
10410179
176160
3982621
7914479
3499719
2499768
6010331
13662672
1038351
332434
15484154
5709407
16416691
5742423
3127986
552231
12344604
775834
17656595
43630
1916185
4788002
3591482
12032492
12510506
13570258
8159766
3560572
11970710
7560803
6887969
8470989
318980
11059827
10297175
78117
17988221
12809584
201646
18580635
6110641
10652085
3964177
9389446
15819707
1738693
8128092
147198
19193024
7120280
10883873
11072889
20434097
18377414
11903902
2483092
450546
883124
15388551
524267
656408
10618635
4097522
12957909
18621126
9383591
805173
692930
19737125
20360878
7824366
10324255
457320
15373469
18988376
2798009
17152195
2111643
1612208
1273713
17196243
9567392
3209922
10134572
19233118
7465707
12668647
18456998
17738413
2240441
15296682
17732746
5237483
27080077
1877838
15736785
6673271
19225912
13268926
9615579
27536497
6935489
1295768
6446866
1810803
27232542
32286495
8249462
3756301
5810796
21895528
25117396
27184499
77710
30797754
14091674
7320411
29053761
15443166
11956637
32400446
17279666
36726743
18011133
8745279
1361893
11645797
23819625
6393150
3547436
6065618
19921599
24611994
979650
36411591
4273117
7495371
10283681
24561480
33663691
25612324
34117744
399462
15426556
29626460
29178816
17422049
5615092
3059336
9058693
31292711
15814979
27909689
28973029
33537707
16005651
11309984
3710576
13798352
32358439
11530190
9815647
16642079
14820204
3503109
32154827
19149521
13781780
890202
42544746
9933191
29136410
8288458
30761547
10208339
5714592
28905570
48363377
33480603
26359906
15020896
5127923
42823657
31035424
17165268
35944102
20570794
5079978
17603777
1899214
5123987
21129108
30152693
38020910
1322459
39441219
31720
12195035
13959837
21581820
2785122
3021996
9224871
34844825
11068721
44325331
25136235
50617069
45435443
25150413
48393290
14752614
27433386
50320540
28127167
30546662
40874103
8623171
9348660
36614949
38545411
29328553
9852836
21085961
22876957
11510894
4933267
36095056
25565079
21602334
12190483
15379372
1015904
35653707
30962576
27965895
28802174
971375
11540161
33054609
10917462
20716566
485382
8141469
26206395
47643332
5257140
3072365
50448541
39637871
49729762
45378130
38639436
1567948
8151130
39817971
7890146
3241667
13930323
25718280
32873555
7623539
22636596
42158671
7384047
11264534
27469421
1239617
16039218
56434632
19247121
54048983
29488301
19796055
6152549
41449272
6420163
14935284
8277982
30945130
40191335
5869141
16298796
25032191
5267177
29091540
31629367
770956
27602613
51184365
60421208
52976138
43825115
15064780
35989611
21151702
29943528
42382507
26349597
61036849
474110
59465135
27052763
47543243
1186828
36889150
14608476
28208192
18118788
8356430
58005386
53569468
10078426
46860154
50634642
44968818
11107343
56185100
15510148
21099737
2506866
28618403
2858160
38548346
8144544
14246775
36127436
51991955
52189178
39355690
456792
32546823
473750
18001640
48383027
24525169
4311302
1248033
35933512
62002897
5859537
6253988
6726878
7216754
22811155
59196909
42240725
57810648
8393447
9833807
59839882
33391453
34819789
12269599
26899644
1246342
62698332
35028581
13581454
4747235
70420435
1083249
4603801
24822052
25337013
59387427
23274575
2081478
20375912
1032526
65800929
64363050
64989111
69641884
6027497
69587927
7799268
15134213
58761370
30708277
42160102
10139745
2626167
8167210
69661422
4855168
3432575
7647497
5898494
34834261
17273109
24234452
7399372
50976610
47984233
8199167
354151
20714618
16938818
71463052
39256455
10903234
46637148
3236819
42701143
55783301
0
0
7398
178891
828485
264691
13864
460323
111344
730598
38994
745946
81095
10988
379956
7266
654982
5248
488441
1034742
1117580
1839973
941440
1583290
1264865
95705
420086
2675482
116249
388019
1033326
1929817
786990
984650
2061730
1034833
1255724
2574081
26679
1397890
663230
64923
3885218
46416
1305805
5622318
6494613
4733818
3367759
6372400
977860
2746268
6319109
1622317
11263855
6036837
10062851
1934975
4272696
7931891
10256415
1729400
1602354
2033867
8936871
10606749
3465648
996018
1791012
2752690
3672205
6281550
8455541
9943808
574502
82572
266490
13572666
14781038
6869015
109719
2892942
2162716
1552827
10590947
818706
3659922
2734592
17565123
10706025
15322142
11190749
4510399
13730855
7981098
13851079
893886
17845891
10155997
6504401
16178358
5307384
8049425
6979889
5584732
2005750
11743080
1870636
372771
865569
3696249
20074359
19314215
1478309
11469538
22098837
14055909
7071485
1404090
1511838
11326386
674256
21531809
17816798
7154154
6229894
11846092
1717089
16076195
16263035
265372
11510390
13071583
698372
16107400
5860804
222427
22253938
8110279
1017180
15383025
11075187
7210038
16672914
4309171
2076862
1412690
6477876
12073865
9464501
13808374
21866901
17514587
3149264
15939269
5649894
1809759
6800462
17745808
16382988
11752288
8829305
37800
24497556
6247658
6435159
7020751
16428101
12720626
21362177
2495347
674631
12865175
20463600
903158
24797675
1326321
7155221
16263474
9503971
20259047
603536
16220727
9118557
12815636
463155
27767507
21778704
6130464
11251345
14833169
6199285
17516362
5905666
6168146
7849944
31375065
28395909
15438529
6827500
2679040
27194607
10188924
12178673
5016947
11167902
3393144
32683475
17359053
4737372
22470298
308353
20653854
26718088
7149190
24311087
9892768
4202311
12561684
9074909
18343550
21631304
10743656
429501
7617881
3352705
589919
2107383
29140966
36422203
39416750
15235301
29529576
176665
4933980
27902720
38991077
3753708
42224920
41920289
3794921
629003
18349616
5686335
10743388
14396769
12430390
2013744
17319367
21059195
38333567
42501810
394695
986124
27804922
18860843
16355824
27036788
13584651
27884166
20834993
3193384
35519923
11019357
14865977
41302600
23026286
37191097
12336123
39933252
14778151
23988551
19597756
35444701
35649223
22212029
5751689
13820729
44617728
3260213
45325233
6184317
45522211
9420916
22520684
9821515
15474297
6932132
5968303
11659139
12839043
15065475
36241983
2918582
921504
24907650
7693613
2931782
4186029
45763548
7126196
47774074
51269718
6109677
4677722
36146402
13296872
5002709
18376719
8626601
4097469
1147522
37526588
27836709
36782530
5092915
4626410
55169313
55215424
11714213
38356406
19400222
25557994
20428516
14791903
811921
32983633
51723287
38201815
1390365
55796295
28335756
25996834
15576616
14369562
3745632
19641328
3103332
4043068
16705613
23405417
15543245
6291065
57139124
50630595
41672715
42525644
3385805
6806039
57467317
2529181
13489239
17302338
41905590
29960571
12412145
17867176
32104136
8918804
45581200
14425077
21267143
7712737
37808759
49910827
10934563
16849857
37528980
32688442
308933
55541610
33648672
18902674
3229604
4530678
37084969
33282655
1237346
59353175
14566153
22603657
22188142
31267961
5254020
22530265
41019493
2290909
17874304
54458760
64377154
10642712
28223763
31148772
23156992
31873285
7219423
5677606
17169849
24918298
2587127
5526200
50287479
62879104
16599938
14799415
4692764
24212123
37653990
44612127
58765693
10886181
8700329
7172982
10274351
22725732
62593601
45709117
4089423
15634637
28467428
11847960
945968
7656209
13672448
31655604
1640063
2754320
20373792
67467557
4046792
9433093
73412422
18055323
72395421
19984840
45711087
18386071
10514748
57469090
9409817
20083525
54209351
63548977
52673646
1328592
40592886
19836766
19103139
76555487
18214006
4772842
52515872
21168408
34714351
41025870
47370086
45837799
27949890
35220169
80358661
2861107
26111585
19998122
17131405
22342529
18056793
74972380
10655018
13755182
6029810
37608125
69520059
42522319
55562720
28470300
15236414
101779
10491703
37416070
30639900
60240289
5156276
40344989
16728001
31086944
27554129
0
0
16240
1673
226746
250973
386678
584182
101419
18814
7506
6076
3176
93318
322722
263288
2277801
1461534
2477126
1526771
1781317
1047844
139301
325214
1443034
3799168
4153915
2763800
3443674
4255940
4143594
6322994
2170878
3804309
2386313
719724
728772
2950287
2384009
164284
1022610
6267052
359005
7806484
7260926
6998289
1679787
2599829
7460568
124032
7191568
5709575
444399
1615436
497680
4772298
4288004
1144613
4110139
10274567
4386314
6855381
205408
1171249
257883
4311186
3379800
10806874
1500033
2542766
1568787
8415038
5653753
10150994
10717810
1086594
2205989
11570116
482027
189598
4478275
8419515
12866898
56994
3529730
11491898
283066
2888782
7778093
13990421
13116270
12314331
5858884
654018
11451579
15117412
9504599
1189791
1513055
12102993
4517559
1018827
6275941
7922289
9724143
267754
8364694
3071705
7214210
2732791
3579748
2290815
4197405
5412296
15567041
2559574
16418238
3154246
2744774
4770579
12780615
9018862
15961603
9472988
8368146
2630032
12024553
5952403
1678759
9066729
13937547
7325090
1706933
5339098
260804
1044951
8178129
16534755
102867
19701253
1581117
8198820
4808897
15373321
7635910
18252012
8292921
13094253
10042312
11518187
11569158
16537669
20034602
23608974
7145482
6232232
3258019
18765619
4477383
12869622
20922350
21398232
6373164
19155360
26165319
5800734
2697046
11135786
4693061
20951405
20621255
508466
850703
27076920
3844746
25150917
19218763
8156867
16486587
22945357
18401698
838017
2767583
32668655
8146693
3437131
22438721
6221888
7834876
14694866
32818952
17899621
25160754
3802234
22901006
17301182
18019964
36227161
15891897
16737283
13586134
33169188
9195073
9965384
14457537
8310285
1653964
30075947
15027763
3583598
31664015
30229204
3796608
26069782
16447044
9751648
26469405
4270765
2260954
25661858
2230071
103282
18626929
13344548
2545115
35038358
35294502
391192
7456124
33774136
1219680
34219750
10555120
27708300
21210632
17791937
17119146
6039158
4456109
5990410
3481896
38453540
32663510
1262876
33638857
19424347
42245017
542581
25785901
143274
8291880
36206635
11183209
48968565
5162248
23082438
6157131
47580621
19246023
39096647
20992658
5923974
33022378
32115073
6885227
12449787
24444175
7198318
2989360
51436159
44041130
44869607
5691296
33039639
5707340
24453633
53918753
4561562
6050803
39834610
2108498
2692868
5024342
1385251
8035726
43301910
26717220
41543844
17049394
770694
18417031
34955111
52508868
22546648
45503720
14202615
5389374
49641670
5746891
8396113
34269345
39158284
1832832
1105682
3234400
31966321
6842102
16470207
29971343
60123309
350920
2463386
37848764
4647567
5409453
11608626
58137803
15752998
926978
22138349
34253360
8367316
26856603
3466107
9054855
37094602
25501791
32479925
4230507
15121670
22644481
47939069
15844472
8753784
3406628
19344787
15097981
436140
22826117
25299815
28372600
63434983
14604518
47161050
18120812
58113824
26893570
49096040
49814139
11861187
6290141
15938181
8577204
12753212
33619125
7055469
7647439
60312857
15140119
22164270
43640706
29952489
29240870
35032520
61384879
31491408
625832
27182399
24453133
3099254
49519904
33161054
3910010
3199381
38202948
8679052
15438348
63278855
34110475
23899836
12146823
70738959
4014511
360966
1443551
5413667
1137211
38690808
51894895
66826487
18382262
71094228
34020938
27159496
10482669
33979030
40495446
33637622
65402284
66637829
73552624
10611731
19965824
16718892
2958433
73151465
29607195
7619220
60710918
11400631
20802724
14604298
76930822
1334103
6115604
12899626
23379029
15599452
10134467
27750995
12846576
31269232
60058891
56449067
18795576
44216292
31034419
34401763
4244649
11966527
27458746
57815485
48665971
47960047
4312364
63693842
83195111
71689008
13831762
58655896
19480397
82015862
65485977
50697863
18635213
35742238
15063324
40121141
66872119
81164606
27677687
21096407
49865459
1942542
50606037
38413505
2154190
80689468
9759456
12178175
48067512
5144847
22527655
72355458
18742765
70561309
67499728
82938077
7482335
70831279
15026692
65186033
11965910
551313
87287593
66075330
59851055
0
241439
204732
101849
8204
422130
800845
57667
250485
2213619
130533
996520
6486
2372264
1671847
3512550
1129906
576752
744187
1403356
1555435
1229728
1568663
660169
3749843
947651
4767408
4257743
1103756
4009773
4802107
3239692
2950582
807040
80236
211710
2993142
4106518
4560611
633007
4580316
1675582
697626
1729680
4411908
1996872
6706970
129376
82829
6926385
3846922
9469123
5945004
2345008
8272174
1482220
4786299
63898
5900132
2515231
2856803
11794019
763476
3953555
5845667
289965
4810116
3456199
13702731
7524607
4023535
10192989
9813071
7517617
4035039
6113152
5151791
14290855
13493094
6425187
2328305
14720471
3009074
16654126
212531
14307736
41754
2953596
8986900
6240495
10246324
479729
6543920
13591561
12702289
1141799
3044636
10723759
7708395
6446510
20474414
1161365
413402
15898515
10897965
11199697
494897
17400999
3950003
7003240
9709897
18983906
14590367
14111616
18567764
25743684
18745689
26039200
1234229
8371461
12014821
95479
15363693
10769618
13594852
910856
3318318
25631291
7372532
19997247
1297602
1600892
7013567
6303509
21175981
5961777
26402385
6793326
4383684
12542339
1123895
13323566
363386
9841908
5066887
18408912
2289191
5665535
24004779
21858317
741740
7773938
3255028
31568992
5740852
25913862
21316180
7587155
32319322
6625215
19944550
28387746
6303322
20498689
7865431
1016474
25200468
1202270
11944664
91321
1460112
34201808
9479817
1055091
2948775
6080136
17690634
9703680
1325703
18306550
20236315
30020107
27960394
33431165
32001384
8286669
20699552
21958407
6809052
53088
33281343
21171937
22714767
8294745
22828580
35868112
107982
16532598
13275710
1303893
5444559
38027419
1103562
28556821
14106302
6642536
26043375
6180767
27317213
5147541
3523689
5339567
8825111
27099913
7904213
13427015
32152255
15656818
29516401
18783155
21876802
3275376
7975676
20326590
26843773
41332159
4089361
3066062
9296863
20150419
26829772
8749956
27915941
24685606
31523923
5757030
5007389
2161454
1097838
6922033
36634344
37762281
12150281
3893947
654697
5425170
16012576
4059301
38759876
1521381
20428354
1476631
14853688
6729987
9809155
20610265
25999170
8001428
4892022
768584
10219722
7167872
15187107
11717334
2870260
19181774
13304975
348981
3973520
5445591
45036495
22959182
23478129
3058988
10282284
11842708
17989727
28611298
16784501
43227579
21090052
23285932
1912380
38079300
37570954
27610680
41031895
20990279
51411076
1508555
43022620
5993303
34650556
24061513
11216481
22657653
4558882
55178594
28984828
5925203
21610991
32670027
21800213
8290616
2463460
34289290
23668314
45065294
52342963
1660101
459900
1815719
19010513
14108421
45088288
9372640
50435252
35687944
50853507
42372817
3308550
21429663
40240566
3354263
3122871
25623243
43744293
3977929
14900214
13942
4302796
17646884
16943567
6592338
33716469
6086619
18018078
59296684
1934486
911662
14545993
39147613
44424476
49323836
19230141
41640823
15092126
56656315
13446912
30057923
43612641
16398062
17223687
25666362
56274777
13007254
3041944
65841200
51490165
4248289
4455048
57121655
38955264
640939
19661676
633236
3749881
1363764
36827042
44370322
2047989
18388609
41321152
16621786
62076153
11454148
42263920
301076
62282576
23101730
16320008
9774508
1935388
41408272
13659174
14535256
40874092
29664803
49055294
68716107
1393857
32796703
27122900
28306319
25297827
788296
32624797
13578166
4710752
51188500
47793523
51603678
10270061
23518747
4344856
24166254
49064318
57376333
70946063
54387705
68688981
66971631
3689433
47495747
11778115
22436
60166074
10758052
14824644
7668007
78049143
49819743
18074915
49126252
63285410
17072865
1955802
13594773
45277991
77757997
20515753
8817664
28144561
19676782
19449030
32422885
53483149
1899025
68559229
11667610
34886175
62867408
32721584
6107758
1074381
31933433
10284154
18424026
35858751
29146222
77354127
65668011
59988876
6989287
79481600
69923459
30540386
43423213
10545883
71109886
70457306
60036157
43836651
61023265
49058508
51332418
58109544
37526841
79209018
8584824
49073096
5341069
6845452
27809217
44083947
3213118
35096223
17584603
9555140
55173024
5136090
55431140
7954854
34582696
0
0
0
83220
528040
317996
320742
224702
828596
278037
869477
1387256
793620
111757
1815688
229588
2357612
1104841
2246005
20837
1793788
594289
2412146
1257159
1985539
1360634
2612089
65184
1327207
427528
2820542
143404
129657
54405
1509093
1787977
2602845
330680
127722
2294869
57710
4719195
4085643
4417608
2424344
1307360
3334657
3996375
830334
4216209
1608300
6661096
1685551
3522788
210324
2085214
708012
1777863
2243883
3118707
577304
3136549
2764779
750865
6604339
3754996
2270649
1677130
8529325
3440194
2028804
4450034
4846907
7116068
1101634
8750486
3055731
3268329
1166244
7575869
6820390
2677638
5750870
8910895
7883980
8587531
9647609
507329
9808183
2944153
6390829
352589
5238061
399552
1111056
210681
1267926
1087097
10432409
1923735
7499941
2177736
909086
1138820
5895166
10116628
3222005
7333592
1289062
11678125
910629
9382046
5202618
9282123
1031879
5122113
8893173
6857468
1819939
3533444
1897431
5417231
4333209
5477776
8197489
5755327
6882985
3384676
501458
9050008
7084810
4684088
8483370
4431763
13821751
7693777
12816774
703840
217649
16437405
15968855
1488070
17113270
1711046
10338517
11851915
2699676
9770209
26679
3103407
5044239
15930743
1803190
12464462
1868457
18355475
2607824
17536090
3207866
14370184
3056631
3087116
9039722
3508174
1167649
14834133
4767485
4612378
15512908
2865617
12158173
1328090
8769312
4580824
4586147
12843651
8258941
20237912
423453
4126811
3105407
6260738
15515789
12157088
11885973
735323
28170
9643113
15447020
14235520
5687284
17186294
822817
11438297
19836015
1708676
5122190
21567188
1950636
18068465
8957730
994948
9340673
5859617
1191865
23267082
16799430
1025106
24455073
11553880
19493198
13656023
19983475
21936566
5009792
1066122
17639609
1110910
4090772
14084578
20610133
17362881
2863133
19729909
8200088
8718590
19116
11469746
9624990
1373893
11028933
1493887
25372089
21173742
15338709
19039559
4494537
29517729
6267707
12209348
8180740
23439307
8900089
6832887
34808371
8181475
8531406
5885950
10669108
29388183
5791048
2755921
12600350
30884619
26593173
10934445
6483364
4727381
26133245
8118399
34337826
12891942
25983569
12110675
21468839
13213367
2745580
7450754
35791367
4700168
23803394
28092922
111069
460030
10999914
33365032
16940820
16356923
36909173
36649977
10987233
25563288
32449295
11529698
3120467
13219285
11519357
39521664
23841243
21342895
21004032
29996834
145626
3081704
4319626
2940749
2411139
267867
20085936
23158772
27081900
31434391
215012
24273988
20411031
25345849
22318680
24966928
18449581
13428684
10709086
27902229
39016968
36950228
16567202
32466328
43358257
15748238
1388051
16059825
5061823
13662980
21984004
12210693
17422092
42122190
2041038
16809667
34268759
891846
33281350
7444252
10538725
49843533
13483325
6225203
2879278
45065506
3468820
51915342
19778447
1176227
33864183
162365
35075118
12359550
48746326
128578
1253597
21171140
40565368
12833778
40202659
13784625
1591274
14010465
9289199
56074943
8047597
13389033
18086821
47672695
4067831
58391261
53044428
3592615
46461488
664794
1345833
647005
4079430
53525933
28263983
28377787
13354616
24175132
40387090
38295954
3847674
3731499
59328021
61457802
12043229
12685442
1960418
43295795
15571250
20716746
9949937
2262587
52885058
3193679
61925267
5011879
4299209
5258270
16574409
39519878
4141551
32573627
43783306
32201044
7318764
1982914
2071396
1091455
51072896
57029279
11247090
23716182
12127713
34385564
22744023
66912025
50181018
32156296
27185457
36929682
39639456
37208576
29559776
31226869
19701118
25716261
55604856
872979
14976831
55511169
4394895
1282504
39328966
79806
9397159
4936427
48396389
2232359
39567359
28905714
57526439
70060125
3501401
48329355
59202923
4797633
39030106
19674800
13487755
32612182
70407962
49966392
39219272
47602309
48186306
23426074
16969048
24830496
20595133
20421705
31136272
1246671
48737726
3082942
3050111
29852958
11439505
5186809
60852517
40635872
27577058
54775867
6715438
26130260
15643363
58945077
50958188
64335495
10196234
9210009
7876004
26381417
5122532
14229928
11931263
48045388
13954880
32899894
8211950
59228397
19600655
1646418
20200796
76532579
35050017
13075882
5500983
18721314
22806500
34581001
70847490
67070821
66162407
33960932
68426576
