1
2
3
4
5
6
7
8
9
10
11
12
13
14
15
16
17
18
19
20
21
22
23
24
25
26
27
28
29
30
31
32
33
34
35
36
37
38
39
40
41
42
43
44
45
46
47
48
49
50
51
52
53
54
55
56
57
58
59
60
61
62
63
64
65
66
67
68
69
70
71
72
73
74
75
76
77
78
79
80
81
82
83
84
85
86
87
88
89
90
91
92
93
94
95
96
97
98
99
100
101
102
103
104
105
106
107
108
109
110
111
112
113
114
115
116
117
118
119
120
121
122
123
124
125
126
127
128
129
130
131
132
133
134
135
136
137
138
139
140
141
142
143
144
145
146
147
148
149
150
151
152
153
154
155
156
157
158
159
160
161
162
163
164
165
166
167
168
169
170
171
172
173
174
175
176
177
178
179
180
181
182
183
184
185
186
187
188
189
190
191
192
193
194
195
196
197
198
199
200
201
202
203
204
205
206
207
208
209
210
211
212
213
214
215
216
217
218
219
220
221
222
223
224
225
226
227
228
229
230
231
232
233
234
235
236
237
238
239
240
241
242
243
244
245
246
247
248
249
250
251
252
253
254
255
256
257
258
259
260
261
262
263
264
265
266
267
268
269
270
271
272
273
274
275
276
277
278
279
280
281
282
283
284
285
286
287
288
289
290
291
292
293
294
295
296
297
298
299
300
301
302
303
304
305
306
307
308
309
310
311
312
313
314
315
316
317
318
319
320
321
322
323
324
325
326
327
328
329
330
331
332
333
334
335
336
337
338
339
340
341
342
343
344
345
346
347
348
349
350
351
352
353
354
355
356
357
358
359
360
361
362
363
364
365
366
367
368
369
370
371
372
373
374
375
376
377
378
379
380
381
382
383
384
385
386
387
388
389
390
391
392
393
394
395
396
397
398
399
400
401
402
403
404
405
406
407
408
409
410
411
412
413
414
415
416
417
418
419
420
421
422
423
424
425
426
427
428
429
430
431
432
433
434
435
436
437
438
439
440
441
442
443
444
445
446
447
448
449
450
451
452
453
454
455
456
457
458
459
460
461
462
463
464
465
466
467
468
469
470
471
472
473
474
475
476
477
478
479
480
481
482
483
484
485
486
487
488
489
490
491
492
493
494
495
496
497
498
499
4
8
12
16
20
24
28
32
36
40
44
48
52
56
60
64
68
72
76
80
84
88
92
96
100
104
108
112
116
120
124
128
132
136
140
144
148
152
156
160
164
168
172
176
180
184
188
192
196
200
204
208
212
216
220
224
228
232
236
240
244
248
252
256
260
264
268
272
276
280
284
288
292
296
300
304
308
312
316
320
324
328
332
336
340
344
348
352
356
360
364
368
372
376
380
384
388
392
396
400
404
408
412
416
420
424
428
432
436
440
444
448
452
456
460
464
468
472
476
480
484
488
492
496
500
504
508
512
516
520
524
528
532
536
540
544
548
552
556
560
564
568
572
576
580
584
588
592
596
600
604
608
612
616
620
624
628
632
636
640
644
648
652
656
660
664
668
672
676
680
684
688
692
696
700
704
708
712
716
720
724
728
732
736
740
744
748
752
756
760
764
768
772
776
780
784
788
792
796
800
804
808
812
816
820
824
828
832
836
840
844
848
852
856
860
864
868
872
876
880
884
888
892
896
900
904
908
912
916
920
924
928
932
936
940
944
948
952
956
960
964
968
972
976
980
984
988
992
996
1000
1004
1008
1012
1016
1020
1024
1028
1032
1036
1040
1044
1048
1052
1056
1060
1064
1068
1072
1076
1080
1084
1088
1092
1096
1100
1104
1108
1112
1116
1120
1124
1128
1132
1136
1140
1144
1148
1152
1156
1160
1164
1168
1172
1176
1180
1184
1188
1192
1196
1200
1204
1208
1212
1216
1220
1224
1228
1232
1236
1240
1244
1248
1252
1256
1260
1264
1268
1272
1276
1280
1284
1288
1292
1296
1300
1304
1308
1312
1316
1320
1324
1328
1332
1336
1340
1344
1348
1352
1356
1360
1364
1368
1372
1376
1380
1384
1388
1392
1396
1400
1404
1408
1412
1416
1420
1424
1428
1432
1436
1440
1444
1448
1452
1456
1460
1464
1468
1472
1476
1480
1484
1488
1492
1496
1500
1504
1508
1512
1516
1520
1524
1528
1532
1536
1540
1544
1548
1552
1556
1560
1564
1568
1572
1576
1580
1584
1588
1592
1596
1600
1604
1608
1612
1616
1620
1624
1628
1632
1636
1640
1644
1648
1652
1656
1660
1664
1668
1672
1676
1680
1684
1688
1692
1696
1700
1704
1708
1712
1716
1720
1724
1728
1732
1736
1740
1744
1748
1752
1756
1760
1764
1768
1772
1776
1780
1784
1788
1792
1796
1800
1804
1808
1812
1816
1820
1824
1828
1832
1836
1840
1844
1848
1852
1856
1860
1864
1868
1872
1876
1880
1884
1888
1892
1896
1900
1904
1908
1912
1916
1920
1924
1928
1932
1936
1940
1944
1948
1952
1956
1960
1964
1968
1972
1976
1980
1984
1988
1992
1996
14
28
42
56
70
84
98
112
126
140
154
168
182
196
210
224
238
252
266
280
294
308
322
336
350
364
378
392
406
420
434
448
462
476
490
504
518
532
546
560
574
588
602
616
630
644
658
672
686
700
714
728
742
756
770
784
798
812
826
840
854
868
882
896
910
924
938
952
966
980
994
1008
1022
1036
1050
1064
1078
1092
1106
1120
1134
1148
1162
1176
1190
1204
1218
1232
1246
1260
1274
1288
1302
1316
1330
1344
1358
1372
1386
1400
1414
1428
1442
1456
1470
1484
1498
1512
1526
1540
1554
1568
1582
1596
1610
1624
1638
1652
1666
1680
1694
1708
1722
1736
1750
1764
1778
1792
1806
1820
1834
1848
1862
1876
1890
1904
1918
1932
1946
1960
1974
1988
2002
2016
2030
2044
2058
2072
2086
2100
2114
2128
2142
2156
2170
2184
2198
2212
2226
2240
2254
2268
2282
2296
2310
2324
2338
2352
2366
2380
2394
2408
2422
2436
2450
2464
2478
2492
2506
2520
2534
2548
2562
2576
2590
2604
2618
2632
2646
2660
2674
2688
2702
2716
2730
2744
2758
2772
2786
2800
2814
2828
2842
2856
2870
2884
2898
2912
2926
2940
2954
2968
2982
2996
3010
3024
3038
3052
3066
3080
3094
3108
3122
3136
3150
3164
3178
3192
3206
3220
3234
3248
3262
3276
3290
3304
3318
3332
3346
3360
3374
3388
3402
3416
3430
3444
3458
3472
3486
3500
3514
3528
3542
3556
3570
3584
3598
3612
3626
3640
3654
3668
3682
3696
3710
3724
3738
3752
3766
3780
3794
3808
3822
3836
3850
3864
3878
3892
3906
3920
3934
3948
3962
3976
3990
4004
4018
4032
4046
4060
4074
4088
4102
4116
4130
4144
4158
4172
4186
4200
4214
4228
4242
4256
4270
4284
4298
4312
4326
4340
4354
4368
4382
4396
4410
4424
4438
4452
4466
4480
4494
4508
4522
4536
4550
4564
4578
4592
4606
4620
4634
4648
4662
4676
4690
4704
4718
4732
4746
4760
4774
4788
4802
4816
4830
4844
4858
4872
4886
4900
4914
4928
4942
4956
4970
4984
4998
5012
5026
5040
5054
5068
5082
5096
5110
5124
5138
5152
5166
5180
5194
5208
5222
5236
5250
5264
5278
5292
5306
5320
5334
5348
5362
5376
5390
5404
5418
5432
5446
5460
5474
5488
5502
5516
5530
5544
5558
5572
5586
5600
5614
5628
5642
5656
5670
5684
5698
5712
5726
5740
5754
5768
5782
5796
5810
5824
5838
5852
5866
5880
5894
5908
5922
5936
5950
5964
5978
5992
6006
6020
6034
6048
6062
6076
6090
6104
6118
6132
6146
6160
6174
6188
6202
6216
6230
6244
6258
6272
6286
6300
6314
6328
6342
6356
6370
6384
6398
6412
6426
6440
6454
6468
6482
6496
6510
6524
6538
6552
6566
6580
6594
6608
6622
6636
6650
6664
6678
6692
6706
6720
6734
6748
6762
6776
6790
6804
6818
6832
6846
6860
6874
6888
6902
6916
6930
6944
6958
6972
6986
42
84
126
168
210
252
294
336
378
420
462
504
546
588
630
672
714
756
798
840
882
924
966
1008
1050
1092
1134
1176
1218
1260
1302
1344
1386
1428
1470
1512
1554
1596
1638
1680
1722
1764
1806
1848
1890
1932
1974
2016
2058
2100
2142
2184
2226
2268
2310
2352
2394
2436
2478
2520
2562
2604
2646
2688
2730
2772
2814
2856
2898
2940
2982
3024
3066
3108
3150
3192
3234
3276
3318
3360
3402
3444
3486
3528
3570
3612
3654
3696
3738
3780
3822
3864
3906
3948
3990
4032
4074
4116
4158
4200
4242
4284
4326
4368
4410
4452
4494
4536
4578
4620
4662
4704
4746
4788
4830
4872
4914
4956
4998
5040
5082
5124
5166
5208
5250
5292
5334
5376
5418
5460
5502
5544
5586
5628
5670
5712
5754
5796
5838
5880
5922
5964
6006
6048
6090
6132
6174
6216
6258
6300
6342
6384
6426
6468
6510
6552
6594
6636
6678
6720
6762
6804
6846
6888
6930
6972
7014
7056
7098
7140
7182
7224
7266
7308
7350
7392
7434
7476
7518
7560
7602
7644
7686
7728
7770
7812
7854
7896
7938
7980
8022
8064
8106
8148
8190
8232
8274
8316
8358
8400
8442
8484
8526
8568
8610
8652
8694
8736
8778
8820
8862
8904
8946
8988
9030
9072
9114
9156
9198
9240
9282
9324
9366
9408
9450
9492
9534
9576
9618
9660
9702
9744
9786
9828
9870
9912
9954
9996
10038
10080
10122
10164
10206
10248
10290
10332
10374
10416
10458
10500
10542
10584
10626
10668
10710
10752
10794
10836
10878
10920
10962
11004
11046
11088
11130
11172
11214
11256
11298
11340
11382
11424
11466
11508
11550
11592
11634
11676
11718
11760
11802
11844
11886
11928
11970
12012
12054
12096
12138
12180
12222
12264
12306
12348
12390
12432
12474
12516
12558
12600
12642
12684
12726
12768
12810
12852
12894
12936
12978
13020
13062
13104
13146
13188
13230
13272
13314
13356
13398
13440
13482
13524
13566
13608
13650
13692
13734
13776
13818
13860
13902
13944
13986
14028
14070
14112
14154
14196
14238
14280
14322
14364
14406
14448
14490
14532
14574
14616
14658
14700
14742
14784
14826
14868
14910
14952
14994
15036
15078
15120
15162
15204
15246
15288
15330
15372
15414
15456
15498
15540
15582
15624
15666
15708
15750
15792
15834
15876
15918
15960
16002
16044
16086
16128
16170
16212
16254
16296
16338
16380
16422
16464
16506
16548
16590
16632
16674
16716
16758
16800
16842
16884
16926
16968
17010
17052
17094
17136
17178
17220
17262
17304
17346
17388
17430
17472
17514
17556
17598
17640
17682
17724
17766
17808
17850
17892
17934
17976
18018
18060
18102
18144
18186
18228
18270
18312
18354
18396
18438
18480
18522
18564
18606
18648
18690
18732
18774
18816
18858
18900
18942
18984
19026
19068
19110
19152
19194
19236
19278
19320
19362
19404
19446
19488
19530
19572
19614
19656
19698
19740
19782
19824
19866
19908
19950
19992
20034
20076
20118
20160
20202
20244
20286
20328
20370
20412
20454
20496
20538
20580
20622
20664
20706
20748
20790
20832
20874
20916
20958
114
228
342
456
570
684
798
912
1026
1140
1254
1368
1482
1596
1710
1824
1938
2052
2166
2280
2394
2508
2622
2736
2850
2964
3078
3192
3306
3420
3534
3648
3762
3876
3990
4104
4218
4332
4446
4560
4674
4788
4902
5016
5130
5244
5358
5472
5586
5700
5814
5928
6042
6156
6270
6384
6498
6612
6726
6840
6954
7068
7182
7296
7410
7524
7638
7752
7866
7980
8094
8208
8322
8436
8550
8664
8778
8892
9006
9120
9234
9348
9462
9576
9690
9804
9918
10032
10146
10260
10374
10488
10602
10716
10830
10944
11058
11172
11286
11400
11514
11628
11742
11856
11970
12084
12198
12312
12426
12540
12654
12768
12882
12996
13110
13224
13338
13452
13566
13680
13794
13908
14022
14136
14250
14364
14478
14592
14706
14820
14934
15048
15162
15276
15390
15504
15618
15732
15846
15960
16074
16188
16302
16416
16530
16644
16758
16872
16986
17100
17214
17328
17442
17556
17670
17784
17898
18012
18126
18240
18354
18468
18582
18696
18810
18924
19038
19152
19266
19380
19494
19608
19722
19836
19950
20064
20178
20292
20406
20520
20634
20748
20862
20976
21090
21204
21318
21432
21546
21660
21774
21888
22002
22116
22230
22344
22458
22572
22686
22800
22914
23028
23142
23256
23370
23484
23598
23712
23826
23940
24054
24168
24282
24396
24510
24624
24738
24852
24966
25080
25194
25308
25422
25536
25650
25764
25878
25992
26106
26220
26334
26448
26562
26676
26790
26904
27018
27132
27246
27360
27474
27588
27702
27816
27930
28044
28158
28272
28386
28500
28614
28728
28842
28956
29070
29184
29298
29412
29526
29640
29754
29868
29982
30096
30210
30324
30438
30552
30666
30780
30894
31008
31122
31236
31350
31464
31578
31692
31806
31920
32034
32148
32262
32376
32490
32604
32718
32832
32946
33060
33174
33288
33402
33516
33630
33744
33858
33972
34086
34200
34314
34428
34542
34656
34770
34884
34998
35112
35226
35340
35454
35568
35682
35796
35910
36024
36138
36252
36366
36480
36594
36708
36822
36936
37050
37164
37278
37392
37506
37620
37734
37848
37962
38076
38190
38304
38418
38532
38646
38760
38874
38988
39102
39216
39330
39444
39558
39672
39786
39900
40014
40128
40242
40356
40470
40584
40698
40812
40926
41040
41154
41268
41382
41496
41610
41724
41838
41952
42066
42180
42294
42408
42522
42636
42750
42864
42978
43092
43206
43320
43434
43548
43662
43776
43890
44004
44118
44232
44346
44460
44574
44688
44802
44916
45030
45144
45258
45372
45486
45600
45714
45828
45942
46056
46170
46284
46398
46512
46626
46740
46854
46968
47082
47196
47310
47424
47538
47652
47766
47880
47994
48108
48222
48336
48450
48564
48678
48792
48906
49020
49134
49248
49362
49476
49590
49704
49818
49932
50046
50160
50274
50388
50502
50616
50730
50844
50958
51072
51186
51300
51414
51528
51642
51756
51870
51984
52098
52212
52326
52440
52554
52668
52782
52896
53010
53124
53238
53352
53466
53580
53694
53808
53922
54036
54150
54264
54378
54492
54606
54720
54834
54948
55062
55176
55290
55404
55518
55632
55746
55860
55974
56088
56202
56316
56430
56544
56658
56772
56886
290
580
870
1160
1450
1740
2030
2320
2610
2900
3190
3480
3770
4060
4350
4640
4930
5220
5510
5800
6090
6380
6670
6960
7250
7540
7830
8120
8410
8700
8990
9280
9570
9860
10150
10440
10730
11020
11310
11600
11890
12180
12470
12760
13050
13340
13630
13920
14210
14500
14790
15080
15370
15660
15950
16240
16530
16820
17110
17400
17690
17980
18270
18560
18850
19140
19430
19720
20010
20300
20590
20880
21170
21460
21750
22040
22330
22620
22910
23200
23490
23780
24070
24360
24650
24940
25230
25520
25810
26100
26390
26680
26970
27260
27550
27840
28130
28420
28710
29000
29290
29580
29870
30160
30450
30740
31030
31320
31610
31900
32190
32480
32770
33060
33350
33640
33930
34220
34510
34800
35090
35380
35670
35960
36250
36540
36830
37120
37410
37700
37990
38280
38570
38860
39150
39440
39730
40020
40310
40600
40890
41180
41470
41760
42050
42340
42630
42920
43210
43500
43790
44080
44370
44660
44950
45240
45530
45820
46110
46400
46690
46980
47270
47560
47850
48140
48430
48720
49010
49300
49590
49880
50170
50460
50750
51040
51330
51620
51910
52200
52490
52780
53070
53360
53650
53940
54230
54520
54810
55100
55390
55680
55970
56260
56550
56840
57130
57420
57710
58000
58290
58580
58870
59160
59450
59740
60030
60320
60610
60900
61190
61480
61770
62060
62350
62640
62930
63220
63510
63800
64090
64380
64670
64960
65250
65540
65830
66120
66410
66700
66990
67280
67570
67860
68150
68440
68730
69020
69310
69600
69890
70180
70470
70760
71050
71340
71630
71920
72210
72500
72790
73080
73370
73660
73950
74240
74530
74820
75110
75400
75690
75980
76270
76560
76850
77140
77430
77720
78010
78300
78590
78880
79170
79460
79750
80040
80330
80620
80910
81200
81490
81780
82070
82360
82650
82940
83230
83520
83810
84100
84390
84680
84970
85260
85550
85840
86130
86420
86710
87000
87290
87580
87870
88160
88450
88740
89030
89320
89610
89900
90190
90480
90770
91060
91350
91640
91930
92220
92510
92800
93090
93380
93670
93960
94250
94540
94830
95120
95410
95700
95990
96280
96570
96860
97150
97440
97730
98020
98310
98600
98890
99180
99470
99760
100050
100340
100630
100920
101210
101500
101790
102080
102370
102660
102950
103240
103530
103820
104110
104400
104690
104980
105270
105560
105850
106140
106430
106720
107010
107300
107590
107880
108170
108460
108750
109040
109330
109620
109910
110200
110490
110780
111070
111360
111650
111940
112230
112520
112810
113100
113390
113680
113970
114260
114550
114840
115130
115420
115710
116000
116290
116580
116870
117160
117450
117740
118030
118320
118610
118900
119190
119480
119770
120060
120350
120640
120930
121220
121510
121800
122090
122380
122670
122960
123250
123540
123830
124120
124410
124700
124990
125280
125570
125860
126150
126440
126730
127020
127310
127600
127890
128180
128470
128760
129050
129340
129630
129920
130210
130500
130790
131080
131370
131660
131950
132240
132530
132820
133110
133400
133690
133980
134270
134560
134850
135140
135430
135720
136010
136300
136590
136880
137170
137460
137750
138040
138330
138620
138910
139200
139490
139780
140070
140360
140650
140940
141230
141520
141810
142100
142390
142680
142970
143260
143550
143840
144130
144420
144710
706
1412
2118
2824
3530
4236
4942
5648
6354
7060
7766
8472
9178
9884
10590
11296
12002
12708
13414
14120
14826
15532
16238
16944
17650
18356
19062
19768
20474
21180
21886
22592
23298
24004
24710
25416
26122
26828
27534
28240
28946
29652
30358
31064
31770
32476
33182
33888
34594
35300
36006
36712
37418
38124
38830
39536
40242
40948
41654
42360
43066
43772
44478
45184
45890
46596
47302
48008
48714
49420
50126
50832
51538
52244
52950
53656
54362
55068
55774
56480
57186
57892
58598
59304
60010
60716
61422
62128
62834
63540
64246
64952
65658
66364
67070
67776
68482
69188
69894
70600
71306
72012
72718
73424
74130
74836
75542
76248
76954
77660
78366
79072
79778
80484
81190
81896
82602
83308
84014
84720
85426
86132
86838
87544
88250
88956
89662
90368
91074
91780
92486
93192
93898
94604
95310
96016
96722
97428
98134
98840
99546
100252
100958
101664
102370
103076
103782
104488
105194
105900
106606
107312
108018
108724
109430
110136
110842
111548
112254
112960
113666
114372
115078
115784
116490
117196
117902
118608
119314
120020
120726
121432
122138
122844
123550
124256
124962
125668
126374
127080
127786
128492
129198
129904
130610
131316
132022
132728
133434
134140
134846
135552
136258
136964
137670
138376
139082
139788
140494
141200
141906
142612
143318
144024
144730
145436
146142
146848
147554
148260
148966
149672
150378
151084
151790
152496
153202
153908
154614
155320
156026
156732
157438
158144
158850
159556
160262
160968
161674
162380
163086
163792
164498
165204
165910
166616
167322
168028
168734
169440
170146
170852
171558
172264
172970
173676
174382
175088
175794
176500
177206
177912
178618
179324
180030
180736
181442
182148
182854
183560
184266
184972
185678
186384
187090
187796
188502
189208
189914
190620
191326
192032
192738
193444
194150
194856
195562
196268
196974
197680
198386
199092
199798
200504
201210
201916
202622
203328
204034
204740
205446
206152
206858
207564
208270
208976
209682
210388
211094
211800
212506
213212
213918
214624
215330
216036
216742
217448
218154
218860
219566
220272
220978
221684
222390
223096
223802
224508
225214
225920
226626
227332
228038
228744
229450
230156
230862
231568
232274
232980
233686
234392
235098
235804
236510
237216
237922
238628
239334
240040
240746
241452
242158
242864
243570
244276
244982
245688
246394
247100
247806
248512
249218
249924
250630
251336
252042
252748
253454
254160
254866
255572
256278
256984
257690
258396
259102
259808
260514
261220
261926
262632
263338
264044
264750
265456
266162
266868
267574
268280
268986
269692
270398
271104
271810
272516
273222
273928
274634
275340
276046
276752
277458
278164
278870
279576
280282
280988
281694
282400
283106
283812
284518
285224
285930
286636
287342
288048
288754
289460
290166
290872
291578
292284
292990
293696
294402
295108
295814
296520
297226
297932
298638
299344
300050
300756
301462
302168
302874
303580
304286
304992
305698
306404
307110
307816
308522
309228
309934
310640
311346
312052
312758
313464
314170
314876
315582
316288
316994
317700
318406
319112
319818
320524
321230
321936
322642
323348
324054
324760
325466
326172
326878
327584
328290
328996
329702
330408
331114
331820
332526
333232
333938
334644
335350
336056
336762
337468
338174
338880
339586
340292
340998
341704
342410
343116
343822
344528
345234
345940
346646
347352
348058
348764
349470
350176
350882
351588
352294
1666
3332
4998
6664
8330
9996
11662
13328
14994
16660
18326
19992
21658
23324
24990
26656
28322
29988
31654
33320
34986
36652
38318
39984
41650
43316
44982
46648
48314
49980
51646
53312
54978
56644
58310
59976
61642
63308
64974
66640
68306
69972
71638
73304
74970
76636
78302
79968
81634
83300
84966
86632
88298
89964
91630
93296
94962
96628
98294
99960
101626
103292
104958
106624
108290
109956
111622
113288
114954
116620
118286
119952
121618
123284
124950
126616
128282
129948
131614
133280
134946
136612
138278
139944
141610
143276
144942
146608
148274
149940
151606
153272
154938
156604
158270
159936
161602
163268
164934
166600
168266
169932
171598
173264
174930
176596
178262
179928
181594
183260
184926
186592
188258
189924
191590
193256
194922
196588
198254
199920
201586
203252
204918
206584
208250
209916
211582
213248
214914
216580
218246
219912
221578
223244
224910
226576
228242
229908
231574
233240
234906
236572
238238
239904
241570
243236
244902
246568
248234
249900
251566
253232
254898
256564
258230
259896
261562
263228
264894
266560
268226
269892
271558
273224
274890
276556
278222
279888
281554
283220
284886
286552
288218
289884
291550
293216
294882
296548
298214
299880
301546
303212
304878
306544
308210
309876
311542
313208
314874
316540
318206
319872
321538
323204
324870
326536
328202
329868
331534
333200
334866
336532
338198
339864
341530
343196
344862
346528
348194
349860
351526
353192
354858
356524
358190
359856
361522
363188
364854
366520
368186
369852
371518
373184
374850
376516
378182
379848
381514
383180
384846
386512
388178
389844
391510
393176
394842
396508
398174
399840
401506
403172
404838
406504
408170
409836
411502
413168
414834
416500
418166
419832
421498
423164
424830
426496
428162
429828
431494
433160
434826
436492
438158
439824
441490
443156
444822
446488
448154
449820
451486
453152
454818
456484
458150
459816
461482
463148
464814
466480
468146
469812
471478
473144
474810
476476
478142
479808
481474
483140
484806
486472
488138
489804
491470
493136
494802
496468
498134
499800
501466
503132
504798
506464
508130
509796
511462
513128
514794
516460
518126
519792
521458
523124
524790
526456
528122
529788
531454
533120
534786
536452
538118
539784
541450
543116
544782
546448
548114
549780
551446
553112
554778
556444
558110
559776
561442
563108
564774
566440
568106
569772
571438
573104
574770
576436
578102
579768
581434
583100
584766
586432
588098
589764
591430
593096
594762
596428
598094
599760
601426
603092
604758
606424
608090
609756
611422
613088
614754
616420
618086
619752
621418
623084
624750
626416
628082
629748
631414
633080
634746
636412
638078
639744
641410
643076
644742
646408
648074
649740
651406
653072
654738
656404
658070
659736
661402
663068
664734
666400
668066
669732
671398
673064
674730
676396
678062
679728
681394
683060
684726
686392
688058
689724
691390
693056
694722
696388
698054
699720
701386
703052
704718
706384
708050
709716
711382
713048
714714
716380
718046
719712
721378
723044
724710
726376
728042
729708
731374
733040
734706
736372
738038
739704
741370
743036
744702
746368
748034
749700
751366
753032
754698
756364
758030
759696
761362
763028
764694
766360
768026
769692
771358
773024
774690
776356
778022
779688
781354
783020
784686
786352
788018
789684
791350
793016
794682
796348
798014
799680
801346
803012
804678
806344
808010
809676
811342
813008
814674
816340
818006
819672
821338
823004
824670
826336
828002
829668
831334
3842
7684
11526
15368
19210
23052
26894
30736
34578
38420
42262
46104
49946
53788
57630
61472
65314
69156
72998
76840
80682
84524
88366
92208
96050
99892
103734
107576
111418
115260
119102
122944
126786
130628
134470
138312
142154
145996
149838
153680
157522
161364
165206
169048
172890
176732
180574
184416
188258
192100
195942
199784
203626
207468
211310
215152
218994
222836
226678
230520
234362
238204
242046
245888
249730
253572
257414
261256
265098
268940
272782
276624
280466
284308
288150
291992
295834
299676
303518
307360
311202
315044
318886
322728
326570
330412
334254
338096
341938
345780
349622
353464
357306
361148
364990
368832
372674
376516
380358
384200
388042
391884
395726
399568
403410
407252
411094
414936
418778
422620
426462
430304
434146
437988
441830
445672
449514
453356
457198
461040
464882
468724
472566
476408
480250
484092
487934
491776
495618
499460
503302
507144
510986
514828
518670
522512
526354
530196
534038
537880
541722
545564
549406
553248
557090
560932
564774
568616
572458
576300
580142
583984
587826
591668
595510
599352
603194
607036
610878
614720
618562
622404
626246
630088
633930
637772
641614
645456
649298
653140
656982
660824
664666
668508
672350
676192
680034
683876
687718
691560
695402
699244
703086
706928
710770
714612
718454
722296
726138
729980
733822
737664
741506
745348
749190
753032
756874
760716
764558
768400
772242
776084
779926
783768
787610
791452
795294
799136
802978
806820
810662
814504
818346
822188
826030
829872
833714
837556
841398
845240
849082
852924
856766
860608
864450
868292
872134
875976
879818
883660
887502
891344
895186
899028
902870
906712
910554
914396
918238
922080
925922
929764
933606
937448
941290
945132
948974
952816
956658
960500
964342
968184
972026
975868
979710
983552
987394
991236
995078
998920
1002762
1006604
1010446
1014288
1018130
1021972
1025814
1029656
1033498
1037340
1041182
1045024
1048866
1052708
1056550
1060392
1064234
1068076
1071918
1075760
1079602
1083444
1087286
1091128
1094970
1098812
1102654
1106496
1110338
1114180
1118022
1121864
1125706
1129548
1133390
1137232
1141074
1144916
1148758
1152600
1156442
1160284
1164126
1167968
1171810
1175652
1179494
1183336
1187178
1191020
1194862
1198704
1202546
1206388
1210230
1214072
1217914
1221756
1225598
1229440
1233282
1237124
1240966
1244808
1248650
1252492
1256334
1260176
1264018
1267860
1271702
1275544
1279386
1283228
1287070
1290912
1294754
1298596
1302438
1306280
1310122
1313964
1317806
1321648
1325490
1329332
1333174
1337016
1340858
1344700
1348542
1352384
1356226
1360068
1363910
1367752
1371594
1375436
1379278
1383120
1386962
1390804
1394646
1398488
1402330
1406172
1410014
1413856
1417698
1421540
1425382
1429224
1433066
1436908
1440750
1444592
1448434
1452276
1456118
1459960
1463802
1467644
1471486
1475328
1479170
1483012
1486854
1490696
1494538
1498380
1502222
1506064
1509906
1513748
1517590
1521432
1525274
1529116
1532958
1536800
1540642
1544484
1548326
1552168
1556010
1559852
1563694
1567536
1571378
1575220
1579062
1582904
1586746
1590588
1594430
1598272
1602114
1605956
1609798
1613640
1617482
1621324
1625166
1629008
1632850
1636692
1640534
1644376
1648218
1652060
1655902
1659744
1663586
1667428
1671270
1675112
1678954
1682796
1686638
1690480
1694322
1698164
1702006
1705848
1709690
1713532
1717374
1721216
1725058
1728900
1732742
1736584
1740426
1744268
1748110
1751952
1755794
1759636
1763478
1767320
1771162
1775004
1778846
1782688
1786530
1790372
1794214
1798056
1801898
1805740
1809582
1813424
1817266
1821108
1824950
1828792
1832634
1836476
1840318
1844160
1848002
1851844
1855686
1859528
1863370
1867212
1871054
1874896
1878738
1882580
1886422
1890264
1894106
1897948
1901790
1905632
1909474
1913316
1917158
8706
17412
26118
34824
43530
52236
60942
69648
78354
87060
95766
104472
113178
121884
130590
139296
148002
156708
165414
174120
182826
191532
200238
208944
217650
226356
235062
243768
252474
261180
269886
278592
287298
296004
304710
313416
322122
330828
339534
348240
356946
365652
374358
383064
391770
400476
409182
417888
426594
435300
444006
452712
461418
470124
478830
487536
496242
504948
513654
522360
531066
539772
548478
557184
565890
574596
583302
592008
600714
609420
618126
626832
635538
644244
652950
661656
670362
679068
687774
696480
705186
713892
722598
731304
740010
748716
757422
766128
774834
783540
792246
800952
809658
818364
827070
835776
844482
853188
861894
870600
879306
888012
896718
905424
914130
922836
931542
940248
948954
957660
966366
975072
983778
992484
1001190
1009896
1018602
1027308
1036014
1044720
1053426
1062132
1070838
1079544
1088250
1096956
1105662
1114368
1123074
1131780
1140486
1149192
1157898
1166604
1175310
1184016
1192722
1201428
1210134
1218840
1227546
1236252
1244958
1253664
1262370
1271076
1279782
1288488
1297194
1305900
1314606
1323312
1332018
1340724
1349430
1358136
1366842
1375548
1384254
1392960
1401666
1410372
1419078
1427784
1436490
1445196
1453902
1462608
1471314
1480020
1488726
1497432
1506138
1514844
1523550
1532256
1540962
1549668
1558374
1567080
1575786
1584492
1593198
1601904
1610610
1619316
1628022
1636728
1645434
1654140
1662846
1671552
1680258
1688964
1697670
1706376
1715082
1723788
1732494
1741200
1749906
1758612
1767318
1776024
1784730
1793436
1802142
1810848
1819554
1828260
1836966
1845672
1854378
1863084
1871790
1880496
1889202
1897908
1906614
1915320
1924026
1932732
1941438
1950144
1958850
1967556
1976262
1984968
1993674
2002380
2011086
2019792
2028498
2037204
2045910
2054616
2063322
2072028
2080734
2089440
2098146
2106852
2115558
2124264
2132970
2141676
2150382
2159088
2167794
2176500
2185206
2193912
2202618
2211324
2220030
2228736
2237442
2246148
2254854
2263560
2272266
2280972
2289678
2298384
2307090
2315796
2324502
2333208
2341914
2350620
2359326
2368032
2376738
2385444
2394150
2402856
2411562
2420268
2428974
2437680
2446386
2455092
2463798
2472504
2481210
2489916
2498622
2507328
2516034
2524740
2533446
2542152
2550858
2559564
2568270
2576976
2585682
2594388
2603094
2611800
2620506
2629212
2637918
2646624
2655330
2664036
2672742
2681448
2690154
2698860
2707566
2716272
2724978
2733684
2742390
2751096
2759802
2768508
2777214
2785920
2794626
2803332
2812038
2820744
2829450
2838156
2846862
2855568
2864274
2872980
2881686
2890392
2899098
2907804
2916510
2925216
2933922
2942628
2951334
2960040
2968746
2977452
2986158
2994864
3003570
3012276
3020982
3029688
3038394
3047100
3055806
3064512
3073218
3081924
3090630
3099336
3108042
3116748
3125454
3134160
3142866
3151572
3160278
3168984
3177690
3186396
3195102
3203808
3212514
3221220
3229926
3238632
3247338
3256044
3264750
3273456
3282162
3290868
3299574
3308280
3316986
3325692
3334398
3343104
3351810
3360516
3369222
3377928
3386634
3395340
3404046
3412752
3421458
3430164
3438870
3447576
3456282
3464988
3473694
3482400
3491106
3499812
3508518
3517224
3525930
3534636
3543342
3552048
3560754
3569460
3578166
3586872
3595578
3604284
3612990
3621696
3630402
3639108
3647814
3656520
3665226
3673932
3682638
3691344
3700050
3708756
3717462
3726168
3734874
3743580
3752286
3760992
3769698
3778404
3787110
3795816
3804522
3813228
3821934
3830640
3839346
3848052
3856758
3865464
3874170
3882876
3891582
3900288
3908994
3917700
3926406
3935112
3943818
3952524
3961230
3969936
3978642
3987348
3996054
4004760
4013466
4022172
4030878
4039584
4048290
4056996
4065702
4074408
4083114
4091820
4100526
4109232
4117938
4126644
4135350
4144056
4152762
4161468
4170174
4178880
4187586
4196292
4204998
4213704
4222410
4231116
4239822
4248528
4257234
4265940
4274646
4283352
4292058
4300764
4309470
4318176
4326882
4335588
4344294
19458
38916
58374
77832
97290
116748
136206
155664
175122
194580
214038
233496
252954
272412
291870
311328
330786
350244
369702
389160
408618
428076
447534
466992
486450
505908
525366
544824
564282
583740
603198
622656
642114
661572
681030
700488
719946
739404
758862
778320
797778
817236
836694
856152
875610
895068
914526
933984
953442
972900
992358
1011816
1031274
1050732
1070190
1089648
1109106
1128564
1148022
1167480
1186938
1206396
1225854
1245312
1264770
1284228
1303686
1323144
1342602
1362060
1381518
1400976
1420434
1439892
1459350
1478808
1498266
1517724
1537182
1556640
1576098
1595556
1615014
1634472
1653930
1673388
1692846
1712304
1731762
1751220
1770678
1790136
1809594
1829052
1848510
1867968
1887426
1906884
1926342
1945800
1965258
1984716
2004174
2023632
2043090
2062548
2082006
2101464
2120922
2140380
2159838
2179296
2198754
2218212
2237670
2257128
2276586
2296044
2315502
2334960
2354418
2373876
2393334
2412792
2432250
2451708
2471166
2490624
2510082
2529540
2548998
2568456
2587914
2607372
2626830
2646288
2665746
2685204
2704662
2724120
2743578
2763036
2782494
2801952
2821410
2840868
2860326
2879784
2899242
2918700
2938158
2957616
2977074
2996532
3015990
3035448
3054906
3074364
3093822
3113280
3132738
3152196
3171654
3191112
3210570
3230028
3249486
3268944
3288402
3307860
3327318
3346776
3366234
3385692
3405150
3424608
3444066
3463524
3482982
3502440
3521898
3541356
3560814
3580272
3599730
3619188
3638646
3658104
3677562
3697020
3716478
3735936
3755394
3774852
3794310
3813768
3833226
3852684
3872142
3891600
3911058
3930516
3949974
3969432
3988890
4008348
4027806
4047264
4066722
4086180
4105638
4125096
4144554
4164012
4183470
4202928
4222386
4241844
4261302
4280760
4300218
4319676
4339134
4358592
4378050
4397508
4416966
4436424
4455882
4475340
4494798
4514256
4533714
4553172
4572630
4592088
4611546
4631004
4650462
4669920
4689378
4708836
4728294
4747752
4767210
4786668
4806126
4825584
4845042
4864500
4883958
4903416
4922874
4942332
4961790
4981248
5000706
5020164
5039622
5059080
5078538
5097996
5117454
5136912
5156370
5175828
5195286
5214744
5234202
5253660
5273118
5292576
5312034
5331492
5350950
5370408
5389866
5409324
5428782
5448240
5467698
5487156
5506614
5526072
5545530
5564988
5584446
5603904
5623362
5642820
5662278
5681736
5701194
5720652
5740110
5759568
5779026
5798484
5817942
5837400
5856858
5876316
5895774
5915232
5934690
5954148
5973606
5993064
6012522
6031980
6051438
6070896
6090354
6109812
6129270
6148728
6168186
6187644
6207102
6226560
6246018
6265476
6284934
6304392
6323850
6343308
6362766
6382224
6401682
6421140
6440598
6460056
6479514
6498972
6518430
6537888
6557346
6576804
6596262
6615720
6635178
6654636
6674094
6693552
6713010
6732468
6751926
6771384
6790842
6810300
6829758
6849216
6868674
6888132
6907590
6927048
6946506
6965964
6985422
7004880
7024338
7043796
7063254
7082712
7102170
7121628
7141086
7160544
7180002
7199460
7218918
7238376
7257834
7277292
7296750
7316208
7335666
7355124
7374582
7394040
7413498
7432956
7452414
7471872
7491330
7510788
7530246
7549704
7569162
7588620
7608078
7627536
7646994
7666452
7685910
7705368
7724826
7744284
7763742
7783200
7802658
7822116
7841574
7861032
7880490
7899948
7919406
7938864
7958322
7977780
7997238
8016696
8036154
8055612
8075070
8094528
8113986
8133444
8152902
8172360
8191818
8211276
8230734
8250192
8269650
8289108
8308566
8328024
8347482
8366940
8386398
8405856
8425314
8444772
8464230
8483688
8503146
8522604
8542062
8561520
8580978
8600436
8619894
8639352
8658810
8678268
8697726
8717184
8736642
8756100
8775558
8795016
8814474
8833932
8853390
8872848
8892306
8911764
8931222
8950680
8970138
8989596
9009054
9028512
9047970
9067428
9086886
9106344
9125802
9145260
9164718
9184176
9203634
9223092
9242550
9262008
9281466
9300924
9320382
9339840
9359298
9378756
9398214
9417672
9437130
9456588
9476046
9495504
9514962
9534420
9553878
9573336
9592794
9612252
9631710
9651168
9670626
9690084
9709542
43010
86020
129030
172040
215050
258060
301070
344080
387090
430100
473110
516120
559130
602140
645150
688160
731170
774180
817190
860200
903210
946220
989230
1032240
1075250
1118260
1161270
1204280
1247290
1290300
1333310
1376320
1419330
1462340
1505350
1548360
1591370
1634380
1677390
1720400
1763410
1806420
1849430
1892440
1935450
1978460
2021470
2064480
2107490
2150500
2193510
2236520
2279530
2322540
2365550
2408560
2451570
2494580
2537590
2580600
2623610
2666620
2709630
2752640
2795650
2838660
2881670
2924680
2967690
3010700
3053710
3096720
3139730
3182740
3225750
3268760
3311770
3354780
3397790
3440800
3483810
3526820
3569830
3612840
3655850
3698860
3741870
3784880
3827890
3870900
3913910
3956920
3999930
4042940
4085950
4128960
4171970
4214980
4257990
4301000
4344010
4387020
4430030
4473040
4516050
4559060
4602070
4645080
4688090
4731100
4774110
4817120
4860130
4903140
4946150
4989160
5032170
5075180
5118190
5161200
5204210
5247220
5290230
5333240
5376250
5419260
5462270
5505280
5548290
5591300
5634310
5677320
5720330
5763340
5806350
5849360
5892370
5935380
5978390
6021400
6064410
6107420
6150430
6193440
6236450
6279460
6322470
6365480
6408490
6451500
6494510
6537520
6580530
6623540
6666550
6709560
6752570
6795580
6838590
6881600
6924610
6967620
7010630
7053640
7096650
7139660
7182670
7225680
7268690
7311700
7354710
7397720
7440730
7483740
7526750
7569760
7612770
7655780
7698790
7741800
7784810
7827820
7870830
7913840
7956850
7999860
8042870
8085880
8128890
8171900
8214910
8257920
8300930
8343940
8386950
8429960
8472970
8515980
8558990
8602000
8645010
8688020
8731030
8774040
8817050
8860060
8903070
8946080
8989090
9032100
9075110
9118120
9161130
9204140
9247150
9290160
9333170
9376180
9419190
9462200
9505210
9548220
9591230
9634240
9677250
9720260
9763270
9806280
9849290
9892300
9935310
9978320
10021330
10064340
10107350
10150360
10193370
10236380
10279390
10322400
10365410
10408420
10451430
10494440
10537450
10580460
10623470
10666480
10709490
10752500
10795510
10838520
10881530
10924540
10967550
11010560
11053570
11096580
11139590
11182600
11225610
11268620
11311630
11354640
11397650
11440660
11483670
11526680
11569690
11612700
11655710
11698720
11741730
11784740
11827750
11870760
11913770
11956780
11999790
12042800
12085810
12128820
12171830
12214840
12257850
12300860
12343870
12386880
12429890
12472900
12515910
12558920
12601930
12644940
12687950
12730960
12773970
12816980
12859990
12903000
12946010
12989020
13032030
13075040
13118050
13161060
13204070
13247080
13290090
13333100
13376110
13419120
13462130
13505140
13548150
13591160
13634170
13677180
13720190
13763200
13806210
13849220
13892230
13935240
13978250
14021260
14064270
14107280
14150290
14193300
14236310
14279320
14322330
14365340
14408350
14451360
14494370
14537380
14580390
14623400
14666410
14709420
14752430
14795440
14838450
14881460
14924470
14967480
15010490
15053500
15096510
15139520
15182530
15225540
15268550
15311560
15354570
15397580
15440590
15483600
15526610
15569620
15612630
15655640
15698650
15741660
15784670
15827680
15870690
15913700
15956710
15999720
16042730
16085740
16128750
16171760
16214770
16257780
16300790
16343800
16386810
16429820
16472830
16515840
16558850
16601860
16644870
16687880
16730890
16773900
16816910
16859920
16902930
16945940
16988950
17031960
17074970
17117980
17160990
17204000
17247010
17290020
17333030
17376040
17419050
17462060
17505070
17548080
17591090
17634100
17677110
17720120
17763130
17806140
17849150
17892160
17935170
17978180
18021190
18064200
18107210
18150220
18193230
18236240
18279250
18322260
18365270
18408280
18451290
18494300
18537310
18580320
18623330
18666340
18709350
18752360
18795370
18838380
18881390
18924400
18967410
19010420
19053430
19096440
19139450
19182460
19225470
19268480
19311490
19354500
19397510
19440520
19483530
19526540
19569550
19612560
19655570
19698580
19741590
19784600
19827610
19870620
19913630
19956640
19999650
20042660
20085670
20128680
20171690
20214700
20257710
20300720
20343730
20386740
20429750
20472760
20515770
20558780
20601790
20644800
20687810
20730820
20773830
20816840
20859850
20902860
20945870
20988880
21031890
21074900
21117910
21160920
21203930
21246940
21289950
21332960
21375970
21418980
21461990
94210
188420
282630
376840
471050
565260
659470
753680
847890
942100
1036310
1130520
1224730
1318940
1413150
1507360
1601570
1695780
1789990
1884200
1978410
2072620
2166830
2261040
2355250
2449460
2543670
2637880
2732090
2826300
2920510
3014720
3108930
3203140
3297350
3391560
3485770
3579980
3674190
3768400
3862610
3956820
4051030
4145240
4239450
4333660
4427870
4522080
4616290
4710500
4804710
4898920
4993130
5087340
5181550
5275760
5369970
5464180
5558390
5652600
5746810
5841020
5935230
6029440
6123650
6217860
6312070
6406280
6500490
6594700
6688910
6783120
6877330
6971540
7065750
7159960
7254170
7348380
7442590
7536800
7631010
7725220
7819430
7913640
8007850
8102060
8196270
8290480
8384690
8478900
8573110
8667320
8761530
8855740
8949950
9044160
9138370
9232580
9326790
9421000
9515210
9609420
9703630
9797840
9892050
9986260
10080470
10174680
10268890
10363100
10457310
10551520
10645730
10739940
10834150
10928360
11022570
11116780
11210990
11305200
11399410
11493620
11587830
11682040
11776250
11870460
11964670
12058880
12153090
12247300
12341510
12435720
12529930
12624140
12718350
12812560
12906770
13000980
13095190
13189400
13283610
13377820
13472030
13566240
13660450
13754660
13848870
13943080
14037290
14131500
14225710
14319920
14414130
14508340
14602550
14696760
14790970
14885180
14979390
15073600
15167810
15262020
15356230
15450440
15544650
15638860
15733070
15827280
15921490
16015700
16109910
16204120
16298330
16392540
16486750
16580960
16675170
16769380
16863590
16957800
17052010
17146220
17240430
17334640
17428850
17523060
17617270
17711480
17805690
17899900
17994110
18088320
18182530
18276740
18370950
18465160
18559370
18653580
18747790
18842000
18936210
19030420
19124630
19218840
19313050
19407260
19501470
19595680
19689890
19784100
19878310
19972520
20066730
20160940
20255150
20349360
20443570
20537780
20631990
20726200
20820410
20914620
21008830
21103040
21197250
21291460
21385670
21479880
21574090
21668300
21762510
21856720
21950930
22045140
22139350
22233560
22327770
22421980
22516190
22610400
22704610
22798820
22893030
22987240
23081450
23175660
23269870
23364080
23458290
23552500
23646710
23740920
23835130
23929340
24023550
24117760
24211970
24306180
24400390
24494600
24588810
24683020
24777230
24871440
24965650
25059860
25154070
25248280
25342490
25436700
25530910
25625120
25719330
25813540
25907750
26001960
26096170
26190380
26284590
26378800
26473010
26567220
26661430
26755640
26849850
26944060
27038270
27132480
27226690
27320900
27415110
27509320
27603530
27697740
27791950
27886160
27980370
28074580
28168790
28263000
28357210
28451420
28545630
28639840
28734050
28828260
28922470
29016680
29110890
29205100
29299310
29393520
29487730
29581940
29676150
29770360
29864570
29958780
30052990
30147200
30241410
30335620
30429830
30524040
30618250
30712460
30806670
30900880
30995090
31089300
31183510
31277720
31371930
31466140
31560350
31654560
31748770
31842980
31937190
32031400
32125610
32219820
32314030
32408240
32502450
32596660
32690870
32785080
32879290
32973500
33067710
33161920
33256130
33350340
33444550
33538760
33632970
33727180
33821390
33915600
34009810
34104020
34198230
34292440
34386650
34480860
34575070
34669280
34763490
34857700
34951910
35046120
35140330
35234540
35328750
35422960
35517170
35611380
35705590
35799800
35894010
35988220
36082430
36176640
36270850
36365060
36459270
36553480
36647690
36741900
36836110
36930320
37024530
37118740
37212950
37307160
37401370
37495580
37589790
37684000
37778210
37872420
37966630
38060840
38155050
38249260
38343470
38437680
38531890
38626100
38720310
38814520
38908730
39002940
39097150
39191360
39285570
39379780
39473990
39568200
39662410
39756620
39850830
39945040
40039250
40133460
40227670
40321880
40416090
40510300
40604510
40698720
40792930
40887140
40981350
41075560
41169770
41263980
41358190
41452400
41546610
41640820
41735030
41829240
41923450
42017660
42111870
42206080
42300290
42394500
42488710
42582920
42677130
42771340
42865550
42959760
43053970
43148180
43242390
43336600
43430810
43525020
43619230
43713440
43807650
43901860
43996070
44090280
44184490
44278700
44372910
44467120
44561330
44655540
44749750
44843960
44938170
45032380
45126590
45220800
45315010
45409220
45503430
45597640
45691850
45786060
45880270
45974480
46068690
46162900
46257110
46351320
46445530
46539740
46633950
46728160
46822370
46916580
47010790
204802
409604
614406
819208
1024010
1228812
1433614
1638416
1843218
2048020
2252822
2457624
2662426
2867228
3072030
3276832
3481634
3686436
3891238
4096040
4300842
4505644
4710446
4915248
5120050
5324852
5529654
5734456
5939258
6144060
6348862
6553664
6758466
6963268
7168070
7372872
7577674
7782476
7987278
8192080
8396882
8601684
8806486
9011288
9216090
9420892
9625694
9830496
10035298
10240100
10444902
10649704
10854506
11059308
11264110
11468912
11673714
11878516
12083318
12288120
12492922
12697724
12902526
13107328
13312130
13516932
13721734
13926536
14131338
14336140
14540942
14745744
14950546
15155348
15360150
15564952
15769754
15974556
16179358
16384160
16588962
16793764
16998566
17203368
17408170
17612972
17817774
18022576
18227378
18432180
18636982
18841784
19046586
19251388
19456190
19660992
19865794
20070596
20275398
20480200
20685002
20889804
21094606
21299408
21504210
21709012
21913814
22118616
22323418
22528220
22733022
22937824
23142626
23347428
23552230
23757032
23961834
24166636
24371438
24576240
24781042
24985844
25190646
25395448
25600250
25805052
26009854
26214656
26419458
26624260
26829062
27033864
27238666
27443468
27648270
27853072
28057874
28262676
28467478
28672280
28877082
29081884
29286686
29491488
29696290
29901092
30105894
30310696
30515498
30720300
30925102
31129904
31334706
31539508
31744310
31949112
32153914
32358716
32563518
32768320
32973122
33177924
33382726
33587528
33792330
33997132
34201934
34406736
34611538
34816340
35021142
35225944
35430746
35635548
35840350
36045152
36249954
36454756
36659558
36864360
37069162
37273964
37478766
37683568
37888370
38093172
38297974
38502776
38707578
38912380
39117182
39321984
39526786
39731588
39936390
40141192
40345994
40550796
40755598
40960400
41165202
41370004
41574806
41779608
41984410
42189212
42394014
42598816
42803618
43008420
43213222
43418024
43622826
43827628
44032430
44237232
44442034
44646836
44851638
45056440
45261242
45466044
45670846
45875648
46080450
46285252
46490054
46694856
46899658
47104460
47309262
47514064
47718866
47923668
48128470
48333272
48538074
48742876
48947678
49152480
49357282
49562084
49766886
49971688
50176490
50381292
50586094
50790896
50995698
51200500
51405302
51610104
51814906
52019708
52224510
52429312
52634114
52838916
53043718
53248520
53453322
53658124
53862926
54067728
54272530
54477332
54682134
54886936
55091738
55296540
55501342
55706144
55910946
56115748
56320550
56525352
56730154
56934956
57139758
57344560
57549362
57754164
57958966
58163768
58368570
58573372
58778174
58982976
59187778
59392580
59597382
59802184
60006986
60211788
60416590
60621392
60826194
61030996
61235798
61440600
61645402
61850204
62055006
62259808
62464610
62669412
62874214
63079016
63283818
63488620
63693422
63898224
64103026
64307828
64512630
64717432
64922234
65127036
65331838
65536640
65741442
65946244
66151046
66355848
66560650
66765452
66970254
67175056
67379858
67584660
67789462
67994264
68199066
68403868
68608670
68813472
69018274
69223076
69427878
69632680
69837482
70042284
70247086
70451888
70656690
70861492
71066294
71271096
71475898
71680700
71885502
72090304
72295106
72499908
72704710
72909512
73114314
73319116
73523918
73728720
73933522
74138324
74343126
74547928
74752730
74957532
75162334
75367136
75571938
75776740
75981542
76186344
76391146
76595948
76800750
77005552
77210354
77415156
77619958
77824760
78029562
78234364
78439166
78643968
78848770
79053572
79258374
79463176
79667978
79872780
80077582
80282384
80487186
80691988
80896790
81101592
81306394
81511196
81715998
81920800
82125602
82330404
82535206
82740008
82944810
83149612
83354414
83559216
83764018
83968820
84173622
84378424
84583226
84788028
84992830
85197632
85402434
85607236
85812038
86016840
86221642
86426444
86631246
86836048
87040850
87245652
87450454
87655256
87860058
88064860
88269662
88474464
88679266
88884068
89088870
89293672
89498474
89703276
89908078
90112880
90317682
90522484
90727286
90932088
91136890
91341692
91546494
91751296
91956098
92160900
92365702
92570504
92775306
92980108
93184910
93389712
93594514
93799316
94004118
94208920
94413722
94618524
94823326
95028128
95232930
95437732
95642534
95847336
96052138
96256940
96461742
96666544
96871346
97076148
97280950
97485752
97690554
97895356
98100158
98304960
98509762
98714564
98919366
99124168
99328970
99533772
99738574
99943376
100148178
100352980
100557782
100762584
100967386
101172188
101376990
101581792
101786594
101991396
102196198
442370
884740
1327110
1769480
2211850
2654220
3096590
3538960
3981330
4423700
4866070
5308440
5750810
6193180
6635550
7077920
7520290
7962660
8405030
8847400
9289770
9732140
10174510
10616880
11059250
11501620
11943990
12386360
12828730
13271100
13713470
14155840
14598210
15040580
15482950
15925320
16367690
16810060
17252430
17694800
18137170
18579540
19021910
19464280
19906650
20349020
20791390
21233760
21676130
22118500
22560870
23003240
23445610
23887980
24330350
24772720
25215090
25657460
26099830
26542200
26984570
27426940
27869310
28311680
28754050
29196420
29638790
30081160
30523530
30965900
31408270
31850640
32293010
32735380
33177750
33620120
34062490
34504860
34947230
35389600
35831970
36274340
36716710
37159080
37601450
38043820
38486190
38928560
39370930
39813300
40255670
40698040
41140410
41582780
42025150
42467520
42909890
43352260
43794630
44237000
44679370
45121740
45564110
46006480
46448850
46891220
47333590
47775960
48218330
48660700
49103070
49545440
49987810
50430180
50872550
51314920
51757290
52199660
52642030
53084400
53526770
53969140
54411510
54853880
55296250
55738620
56180990
56623360
57065730
57508100
57950470
58392840
58835210
59277580
59719950
60162320
60604690
61047060
61489430
61931800
62374170
62816540
63258910
63701280
64143650
64586020
65028390
65470760
65913130
66355500
66797870
67240240
67682610
68124980
68567350
69009720
69452090
69894460
70336830
70779200
71221570
71663940
72106310
72548680
72991050
73433420
73875790
74318160
74760530
75202900
75645270
76087640
76530010
76972380
77414750
77857120
78299490
78741860
79184230
79626600
80068970
80511340
80953710
81396080
81838450
82280820
82723190
83165560
83607930
84050300
84492670
84935040
85377410
85819780
86262150
86704520
87146890
87589260
88031630
88474000
88916370
89358740
89801110
90243480
90685850
91128220
91570590
92012960
92455330
92897700
93340070
93782440
94224810
94667180
95109550
95551920
95994290
96436660
96879030
97321400
97763770
98206140
98648510
99090880
99533250
99975620
100417990
100860360
101302730
101745100
102187470
102629840
103072210
103514580
103956950
104399320
104841690
105284060
105726430
106168800
106611170
107053540
107495910
107938280
108380650
108823020
109265390
109707760
110150130
110592500
111034870
111477240
111919610
112361980
112804350
113246720
113689090
114131460
114573830
115016200
115458570
115900940
116343310
116785680
117228050
117670420
118112790
118555160
118997530
119439900
119882270
120324640
120767010
121209380
121651750
122094120
122536490
122978860
123421230
123863600
124305970
124748340
125190710
125633080
126075450
126517820
126960190
127402560
127844930
128287300
128729670
129172040
129614410
130056780
130499150
130941520
131383890
131826260
132268630
132711000
133153370
133595740
134038110
134480480
134922850
135365220
135807590
136249960
136692330
137134700
137577070
138019440
138461810
138904180
139346550
139788920
140231290
140673660
141116030
141558400
142000770
142443140
142885510
143327880
143770250
144212620
144654990
145097360
145539730
145982100
146424470
146866840
147309210
147751580
148193950
148636320
149078690
149521060
149963430
150405800
150848170
151290540
151732910
152175280
152617650
153060020
153502390
153944760
154387130
154829500
155271870
155714240
156156610
156598980
157041350
157483720
157926090
158368460
158810830
159253200
159695570
160137940
160580310
161022680
161465050
161907420
162349790
162792160
163234530
163676900
164119270
164561640
165004010
165446380
165888750
166331120
166773490
167215860
167658230
168100600
168542970
168985340
169427710
169870080
170312450
170754820
171197190
171639560
172081930
172524300
172966670
173409040
173851410
174293780
174736150
175178520
175620890
176063260
176505630
176948000
177390370
177832740
178275110
178717480
179159850
179602220
180044590
180486960
180929330
181371700
181814070
182256440
182698810
183141180
183583550
184025920
184468290
184910660
185353030
185795400
186237770
186680140
187122510
187564880
188007250
188449620
188891990
189334360
189776730
190219100
190661470
191103840
191546210
191988580
192430950
192873320
193315690
193758060
194200430
194642800
195085170
195527540
195969910
196412280
196854650
197297020
197739390
198181760
198624130
199066500
199508870
199951240
200393610
200835980
201278350
201720720
202163090
202605460
203047830
203490200
203932570
204374940
204817310
205259680
205702050
206144420
206586790
207029160
207471530
207913900
208356270
208798640
209241010
209683380
210125750
210568120
211010490
211452860
211895230
212337600
212779970
213222340
213664710
214107080
214549450
214991820
215434190
215876560
216318930
216761300
217203670
217646040
218088410
218530780
218973150
219415520
219857890
220300260
220742630
950274
1900548
2850822
3801096
4751370
5701644
6651918
7602192
8552466
9502740
10453014
11403288
12353562
13303836
14254110
15204384
16154658
17104932
18055206
19005480
19955754
20906028
21856302
22806576
23756850
24707124
25657398
26607672
27557946
28508220
29458494
30408768
31359042
32309316
33259590
34209864
35160138
36110412
37060686
38010960
38961234
39911508
40861782
41812056
42762330
43712604
44662878
45613152
46563426
47513700
48463974
49414248
50364522
51314796
52265070
53215344
54165618
55115892
56066166
57016440
57966714
58916988
59867262
60817536
61767810
62718084
63668358
64618632
65568906
66519180
67469454
68419728
69370002
70320276
71270550
72220824
73171098
74121372
75071646
76021920
76972194
77922468
78872742
79823016
80773290
81723564
82673838
83624112
84574386
85524660
86474934
87425208
88375482
89325756
90276030
91226304
92176578
93126852
94077126
95027400
95977674
96927948
97878222
98828496
99778770
100729044
101679318
102629592
103579866
104530140
105480414
106430688
107380962
108331236
109281510
110231784
111182058
112132332
113082606
114032880
114983154
115933428
116883702
117833976
118784250
119734524
120684798
121635072
122585346
123535620
124485894
125436168
126386442
127336716
128286990
129237264
130187538
131137812
132088086
133038360
133988634
134938908
135889182
136839456
137789730
138740004
139690278
140640552
141590826
142541100
143491374
144441648
145391922
146342196
147292470
148242744
149193018
150143292
151093566
152043840
152994114
153944388
154894662
155844936
156795210
157745484
158695758
159646032
160596306
161546580
162496854
163447128
164397402
165347676
166297950
167248224
168198498
169148772
170099046
171049320
171999594
172949868
173900142
174850416
175800690
176750964
177701238
178651512
179601786
180552060
181502334
182452608
183402882
184353156
185303430
186253704
187203978
188154252
189104526
190054800
191005074
191955348
192905622
193855896
194806170
195756444
196706718
197656992
198607266
199557540
200507814
201458088
202408362
203358636
204308910
205259184
206209458
207159732
208110006
209060280
210010554
210960828
211911102
212861376
213811650
214761924
215712198
216662472
217612746
218563020
219513294
220463568
221413842
222364116
223314390
224264664
225214938
226165212
227115486
228065760
229016034
229966308
230916582
231866856
232817130
233767404
234717678
235667952
236618226
237568500
238518774
239469048
240419322
241369596
242319870
243270144
244220418
245170692
246120966
247071240
248021514
248971788
249922062
250872336
251822610
252772884
253723158
254673432
255623706
256573980
257524254
258474528
259424802
260375076
261325350
262275624
263225898
264176172
265126446
266076720
267026994
267977268
268927542
269877816
270828090
271778364
272728638
273678912
274629186
275579460
276529734
277480008
278430282
279380556
280330830
281281104
282231378
283181652
284131926
285082200
286032474
286982748
287933022
288883296
289833570
290783844
291734118
292684392
293634666
294584940
295535214
296485488
297435762
298386036
299336310
300286584
301236858
302187132
303137406
304087680
305037954
305988228
306938502
307888776
308839050
309789324
310739598
311689872
312640146
313590420
314540694
315490968
316441242
317391516
318341790
319292064
320242338
321192612
322142886
323093160
324043434
324993708
325943982
326894256
327844530
328794804
329745078
330695352
331645626
332595900
333546174
334496448
335446722
336396996
337347270
338297544
339247818
340198092
341148366
342098640
343048914
343999188
344949462
345899736
346850010
347800284
348750558
349700832
350651106
351601380
352551654
353501928
354452202
355402476
356352750
357303024
358253298
359203572
360153846
361104120
362054394
363004668
363954942
364905216
365855490
366805764
367756038
368706312
369656586
370606860
371557134
372507408
373457682
374407956
375358230
376308504
377258778
378209052
379159326
380109600
381059874
382010148
382960422
383910696
384860970
385811244
386761518
387711792
388662066
389612340
390562614
391512888
392463162
393413436
394363710
395313984
396264258
397214532
398164806
399115080
400065354
401015628
401965902
402916176
403866450
404816724
405766998
406717272
407667546
408617820
409568094
410518368
411468642
412418916
413369190
414319464
415269738
416220012
417170286
418120560
419070834
420021108
420971382
421921656
422871930
423822204
424772478
425722752
426673026
427623300
428573574
429523848
430474122
431424396
432374670
433324944
434275218
435225492
436175766
437126040
438076314
439026588
439976862
440927136
441877410
442827684
443777958
444728232
445678506
446628780
447579054
448529328
449479602
450429876
451380150
452330424
453280698
454230972
455181246
456131520
457081794
458032068
458982342
459932616
460882890
461833164
462783438
463733712
464683986
465634260
466584534
467534808
468485082
469435356
470385630
471335904
472286178
473236452
474186726
2031618
4063236
6094854
8126472
10158090
12189708
14221326
16252944
18284562
20316180
22347798
24379416
26411034
28442652
30474270
32505888
34537506
36569124
38600742
40632360
42663978
44695596
46727214
48758832
50790450
52822068
54853686
56885304
58916922
60948540
62980158
65011776
67043394
69075012
71106630
73138248
75169866
77201484
79233102
81264720
83296338
85327956
87359574
89391192
91422810
93454428
95486046
97517664
99549282
101580900
103612518
105644136
107675754
109707372
111738990
113770608
115802226
117833844
119865462
121897080
123928698
125960316
127991934
130023552
132055170
134086788
136118406
138150024
140181642
142213260
144244878
146276496
148308114
150339732
152371350
154402968
156434586
158466204
160497822
162529440
164561058
166592676
168624294
170655912
172687530
174719148
176750766
178782384
180814002
182845620
184877238
186908856
188940474
190972092
193003710
195035328
197066946
199098564
201130182
203161800
205193418
207225036
209256654
211288272
213319890
215351508
217383126
219414744
221446362
223477980
225509598
227541216
229572834
231604452
233636070
235667688
237699306
239730924
241762542
243794160
245825778
247857396
249889014
251920632
253952250
255983868
258015486
260047104
262078722
264110340
266141958
268173576
270205194
272236812
274268430
276300048
278331666
280363284
282394902
284426520
286458138
288489756
290521374
292552992
294584610
296616228
298647846
300679464
302711082
304742700
306774318
308805936
310837554
312869172
314900790
316932408
318964026
320995644
323027262
325058880
327090498
329122116
331153734
333185352
335216970
337248588
339280206
341311824
343343442
345375060
347406678
349438296
351469914
353501532
355533150
357564768
359596386
361628004
363659622
365691240
367722858
369754476
371786094
373817712
375849330
377880948
379912566
381944184
383975802
386007420
388039038
390070656
392102274
394133892
396165510
398197128
400228746
402260364
404291982
406323600
408355218
410386836
412418454
414450072
416481690
418513308
420544926
422576544
424608162
426639780
428671398
430703016
432734634
434766252
436797870
438829488
440861106
442892724
444924342
446955960
448987578
451019196
453050814
455082432
457114050
459145668
461177286
463208904
465240522
467272140
469303758
471335376
473366994
475398612
477430230
479461848
481493466
483525084
485556702
487588320
489619938
491651556
493683174
495714792
497746410
499778028
501809646
503841264
505872882
507904500
509936118
511967736
513999354
516030972
518062590
520094208
522125826
524157444
526189062
528220680
530252298
532283916
534315534
536347152
538378770
540410388
542442006
544473624
546505242
548536860
550568478
552600096
554631714
556663332
558694950
560726568
562758186
564789804
566821422
568853040
570884658
572916276
574947894
576979512
579011130
581042748
583074366
585105984
587137602
589169220
591200838
593232456
595264074
597295692
599327310
601358928
603390546
605422164
607453782
609485400
611517018
613548636
615580254
617611872
619643490
621675108
623706726
625738344
627769962
629801580
631833198
633864816
635896434
637928052
639959670
641991288
644022906
646054524
648086142
650117760
652149378
654180996
656212614
658244232
660275850
662307468
664339086
666370704
668402322
670433940
672465558
674497176
676528794
678560412
680592030
682623648
684655266
686686884
688718502
690750120
692781738
694813356
696844974
698876592
700908210
702939828
704971446
707003064
709034682
711066300
713097918
715129536
717161154
719192772
721224390
723256008
725287626
727319244
729350862
731382480
733414098
735445716
737477334
739508952
741540570
743572188
745603806
747635424
749667042
751698660
753730278
755761896
757793514
759825132
761856750
763888368
765919986
767951604
769983222
772014840
774046458
776078076
778109694
780141312
782172930
784204548
786236166
788267784
790299402
792331020
794362638
796394256
798425874
800457492
802489110
804520728
806552346
808583964
810615582
812647200
814678818
816710436
818742054
820773672
822805290
824836908
826868526
828900144
830931762
832963380
834994998
837026616
839058234
841089852
843121470
845153088
847184706
849216324
851247942
853279560
855311178
857342796
859374414
861406032
863437650
865469268
867500886
869532504
871564122
873595740
875627358
877658976
879690594
881722212
883753830
885785448
887817066
889848684
891880302
893911920
895943538
897975156
900006774
902038392
904070010
906101628
908133246
910164864
912196482
914228100
916259718
918291336
920322954
922354572
924386190
926417808
928449426
930481044
932512662
934544280
936575898
938607516
940639134
942670752
944702370
946733988
948765606
950797224
952828842
954860460
956892078
958923696
960955314
962986932
965018550
967050168
969081786
971113404
973145022
975176640
977208258
979239876
981271494
983303112
985334730
987366348
989397966
991429584
993461202
995492820
997524438
999556056
1001587674
1003619292
1005650910
1007682528
1009714146
1011745764
1013777382
4325378
8650756
12976134
17301512
21626890
25952268
30277646
34603024
38928402
43253780
47579158
51904536
56229914
60555292
64880670
69206048
73531426
77856804
82182182
86507560
90832938
95158316
99483694
103809072
108134450
112459828
116785206
121110584
125435962
129761340
134086718
138412096
142737474
147062852
151388230
155713608
160038986
164364364
168689742
173015120
177340498
181665876
185991254
190316632
194642010
198967388
203292766
207618144
211943522
216268900
220594278
224919656
229245034
233570412
237895790
242221168
246546546
250871924
255197302
259522680
263848058
268173436
272498814
276824192
281149570
285474948
289800326
294125704
298451082
302776460
307101838
311427216
315752594
320077972
324403350
328728728
333054106
337379484
341704862
346030240
350355618
354680996
359006374
363331752
367657130
371982508
376307886
380633264
384958642
389284020
393609398
397934776
402260154
406585532
410910910
415236288
419561666
423887044
428212422
432537800
436863178
441188556
445513934
449839312
454164690
458490068
462815446
467140824
471466202
475791580
480116958
484442336
488767714
493093092
497418470
501743848
506069226
510394604
514719982
519045360
523370738
527696116
532021494
536346872
540672250
544997628
549323006
553648384
557973762
562299140
566624518
570949896
575275274
579600652
583926030
588251408
592576786
596902164
601227542
605552920
609878298
614203676
618529054
622854432
627179810
631505188
635830566
640155944
644481322
648806700
653132078
657457456
661782834
666108212
670433590
674758968
679084346
683409724
687735102
692060480
696385858
700711236
705036614
709361992
713687370
718012748
722338126
726663504
730988882
735314260
739639638
743965016
748290394
752615772
756941150
761266528
765591906
769917284
774242662
778568040
782893418
787218796
791544174
795869552
800194930
804520308
808845686
813171064
817496442
821821820
826147198
830472576
834797954
839123332
843448710
847774088
852099466
856424844
860750222
865075600
869400978
873726356
878051734
882377112
886702490
891027868
895353246
899678624
904004002
908329380
912654758
916980136
921305514
925630892
929956270
934281648
938607026
942932404
947257782
951583160
955908538
960233916
964559294
968884672
973210050
977535428
981860806
986186184
990511562
994836940
999162318
1003487696
1007813074
1012138452
1016463830
1020789208
1025114586
1029439964
1033765342
1038090720
1042416098
1046741476
1051066854
1055392232
1059717610
1064042988
1068368366
1072693744
1077019122
1081344500
1085669878
1089995256
1094320634
1098646012
1102971390
1107296768
1111622146
1115947524
1120272902
1124598280
1128923658
1133249036
1137574414
1141899792
1146225170
1150550548
1154875926
1159201304
1163526682
1167852060
1172177438
1176502816
1180828194
1185153572
1189478950
1193804328
1198129706
1202455084
1206780462
1211105840
1215431218
1219756596
1224081974
1228407352
1232732730
1237058108
1241383486
1245708864
1250034242
1254359620
1258684998
1263010376
1267335754
1271661132
1275986510
1280311888
1284637266
1288962644
1293288022
1297613400
1301938778
1306264156
1310589534
1314914912
1319240290
1323565668
1327891046
1332216424
1336541802
1340867180
1345192558
1349517936
1353843314
1358168692
1362494070
1366819448
1371144826
1375470204
1379795582
1384120960
1388446338
1392771716
1397097094
1401422472
1405747850
1410073228
1414398606
1418723984
1423049362
1427374740
1431700118
1436025496
1440350874
1444676252
1449001630
1453327008
1457652386
1461977764
1466303142
1470628520
1474953898
1479279276
1483604654
1487930032
1492255410
1496580788
1500906166
1505231544
1509556922
1513882300
1518207678
1522533056
1526858434
1531183812
1535509190
1539834568
1544159946
1548485324
1552810702
1557136080
1561461458
1565786836
1570112214
1574437592
1578762970
1583088348
1587413726
1591739104
1596064482
1600389860
1604715238
1609040616
1613365994
1617691372
1622016750
1626342128
1630667506
1634992884
1639318262
1643643640
1647969018
1652294396
1656619774
1660945152
1665270530
1669595908
1673921286
1678246664
1682572042
1686897420
1691222798
1695548176
1699873554
1704198932
1708524310
1712849688
1717175066
1721500444
1725825822
1730151200
1734476578
1738801956
1743127334
1747452712
1751778090
1756103468
1760428846
1764754224
1769079602
1773404980
1777730358
1782055736
1786381114
1790706492
1795031870
1799357248
1803682626
1808008004
1812333382
1816658760
1820984138
1825309516
1829634894
1833960272
1838285650
1842611028
1846936406
1851261784
1855587162
1859912540
1864237918
1868563296
1872888674
1877214052
1881539430
1885864808
1890190186
1894515564
1898840942
1903166320
1907491698
1911817076
1916142454
1920467832
1924793210
1929118588
1933443966
1937769344
1942094722
1946420100
1950745478
1955070856
1959396234
1963721612
1968046990
1972372368
1976697746
1981023124
1985348502
1989673880
1993999258
1998324636
2002650014
2006975392
2011300770
2015626148
2019951526
2024276904
2028602282
2032927660
2037253038
2041578416
2045903794
2050229172
2054554550
2058879928
2063205306
2067530684
2071856062
2076181440
2080506818
2084832196
2089157574
2093482952
2097808330
2102133708
2106459086
2110784464
2115109842
2119435220
2123760598
2128085976
2132411354
2136736732
2141062110
2145387488
2149712866
2154038244
2158363622
9175042
18350084
27525126
36700168
45875210
55050252
64225294
73400336
82575378
91750420
100925462
110100504
119275546
128450588
137625630
146800672
155975714
165150756
174325798
183500840
192675882
201850924
211025966
220201008
229376050
238551092
247726134
256901176
266076218
275251260
284426302
293601344
302776386
311951428
321126470
330301512
339476554
348651596
357826638
367001680
376176722
385351764
394526806
403701848
412876890
422051932
431226974
440402016
449577058
458752100
467927142
477102184
486277226
495452268
504627310
513802352
522977394
532152436
541327478
550502520
559677562
568852604
578027646
587202688
596377730
605552772
614727814
623902856
633077898
642252940
651427982
660603024
669778066
678953108
688128150
697303192
706478234
715653276
724828318
734003360
743178402
752353444
761528486
770703528
779878570
789053612
798228654
807403696
816578738
825753780
834928822
844103864
853278906
862453948
871628990
880804032
889979074
899154116
908329158
917504200
926679242
935854284
945029326
954204368
963379410
972554452
981729494
990904536
1000079578
1009254620
1018429662
1027604704
1036779746
1045954788
1055129830
1064304872
1073479914
1082654956
1091829998
1101005040
1110180082
1119355124
1128530166
1137705208
1146880250
1156055292
1165230334
1174405376
1183580418
1192755460
1201930502
1211105544
1220280586
1229455628
1238630670
1247805712
1256980754
1266155796
1275330838
1284505880
1293680922
1302855964
1312031006
1321206048
1330381090
1339556132
1348731174
1357906216
1367081258
1376256300
1385431342
1394606384
1403781426
1412956468
1422131510
1431306552
1440481594
1449656636
1458831678
1468006720
1477181762
1486356804
1495531846
1504706888
1513881930
1523056972
1532232014
1541407056
1550582098
1559757140
1568932182
1578107224
1587282266
1596457308
1605632350
1614807392
1623982434
1633157476
1642332518
1651507560
1660682602
1669857644
1679032686
1688207728
1697382770
1706557812
1715732854
1724907896
1734082938
1743257980
1752433022
1761608064
1770783106
1779958148
1789133190
1798308232
1807483274
1816658316
1825833358
1835008400
1844183442
1853358484
1862533526
1871708568
1880883610
1890058652
1899233694
1908408736
1917583778
1926758820
1935933862
1945108904
1954283946
1963458988
1972634030
1981809072
1990984114
2000159156
2009334198
2018509240
2027684282
2036859324
2046034366
2055209408
2064384450
2073559492
2082734534
2091909576
2101084618
2110259660
2119434702
2128609744
2137784786
2146959828
2156134870
2165309912
2174484954
2183659996
2192835038
2202010080
2211185122
2220360164
2229535206
2238710248
2247885290
2257060332
2266235374
2275410416
2284585458
2293760500
2302935542
2312110584
2321285626
2330460668
2339635710
2348810752
2357985794
2367160836
2376335878
2385510920
2394685962
2403861004
2413036046
2422211088
2431386130
2440561172
2449736214
2458911256
2468086298
2477261340
2486436382
2495611424
2504786466
2513961508
2523136550
2532311592
2541486634
2550661676
2559836718
2569011760
2578186802
2587361844
2596536886
2605711928
2614886970
2624062012
2633237054
2642412096
2651587138
2660762180
2669937222
2679112264
2688287306
2697462348
2706637390
2715812432
2724987474
2734162516
2743337558
2752512600
2761687642
2770862684
2780037726
2789212768
2798387810
2807562852
2816737894
2825912936
2835087978
2844263020
2853438062
2862613104
2871788146
2880963188
2890138230
2899313272
2908488314
2917663356
2926838398
2936013440
2945188482
2954363524
2963538566
2972713608
2981888650
2991063692
3000238734
3009413776
3018588818
3027763860
3036938902
3046113944
3055288986
3064464028
3073639070
3082814112
3091989154
3101164196
3110339238
3119514280
3128689322
3137864364
3147039406
3156214448
3165389490
3174564532
3183739574
3192914616
3202089658
3211264700
3220439742
3229614784
3238789826
3247964868
3257139910
3266314952
3275489994
3284665036
3293840078
3303015120
3312190162
3321365204
3330540246
3339715288
3348890330
3358065372
3367240414
3376415456
3385590498
3394765540
3403940582
3413115624
3422290666
3431465708
3440640750
3449815792
3458990834
3468165876
3477340918
3486515960
3495691002
3504866044
3514041086
3523216128
3532391170
3541566212
3550741254
3559916296
3569091338
3578266380
3587441422
3596616464
3605791506
3614966548
3624141590
3633316632
3642491674
3651666716
3660841758
3670016800
3679191842
3688366884
3697541926
3706716968
3715892010
3725067052
3734242094
3743417136
3752592178
3761767220
3770942262
3780117304
3789292346
3798467388
3807642430
3816817472
3825992514
3835167556
3844342598
3853517640
3862692682
3871867724
3881042766
3890217808
3899392850
3908567892
3917742934
3926917976
3936093018
3945268060
3954443102
3963618144
3972793186
3981968228
3991143270
4000318312
4009493354
4018668396
4027843438
4037018480
4046193522
4055368564
4064543606
4073718648
4082893690
4092068732
4101243774
4110418816
4119593858
4128768900
4137943942
4147118984
4156294026
4165469068
4174644110
4183819152
4192994194
4202169236
4211344278
4220519320
4229694362
4238869404
4248044446
4257219488
4266394530
4275569572
4284744614
4293919656
4303094698
4312269740
4321444782
4330619824
4339794866
4348969908
4358144950
4367319992
4376495034
4385670076
4394845118
4404020160
4413195202
4422370244
4431545286
4440720328
4449895370
4459070412
4468245454
4477420496
4486595538
4495770580
4504945622
4514120664
4523295706
4532470748
4541645790
4550820832
4559995874
4569170916
4578345958
