40
399 44
628 845 518 606 521 734 607 927 433 830 807 93 527 641 200 347 287 818 385 975 764 188 679 701 283 606 686 255 724 486 457 581 821 141 141 934 62 116 681 267 535 502 109 852 517 533 905 887 941 311 376 744 159 850 306 145 457 370 284 482 263 804 25 271 46 193 476 144 526 974 979 394 322 761 667 892 535 507 601 234 591 359 75 330 670 248 631 214 144 496 221 462 138 94 54 664 40 175 846 578 158 601 685 285 910 97 892 359 605 732 105 584 226 459 211 394 666 265 537 196 991 138 460 363 710 877 100 493 293 765 799 563 715 387 427 724 281 775 319 990 814 69 752 828 100 103 623 810 177 954 426 574 357 817 433 828 865 196 749 309 549 864 512 263 532 434 140 19 967 544 181 513 787 785 863 583 919 228 983 661 610 120 748 726 474 798 495 120 671 976 473 107 301 804 429 316 501 177 272 813 975 151 540 651 418 41 119 200 610 431 940 974 54 97 250 924 613 349 787 495 17 599 941 203 548 251 834 242 768 929 228 965 446 852 689 25 185 889 634 390 785 451 76 487 662 710 988 397 677 332 906 144 862 693 837 329 19 480 680 214 30 735 521 438 588 433 719 430 638 768 682 416 657 777 721 962 885 911 61 821 418 441 413 954 683 313 758 50 294 453 615 443 497 515 957 223 331 79 315 146 994 765 368 135 58 18 824 662 228 188 853 717 327 942 785 362 290 91 679 660 179 277 796 536 164 309 42 763 335 981 208 250 126 850 667 269 250 935 125 802 173 759 570 244 204 310 909 628 264 207 83 76 854 277 205 770 606 65 628 241 971 268 209 325 888 541 494 436 325 859 93 533 526 530 723 828 185 342 924 462 538 789 31 453 569 269 950 914 249 531 657 907 679 721 385 710 999 271 471 
256 324
61 66
45 298
35 399
63 175
180 208
43 83
134 386
78 146
76 129
32 150
24 291
42 154
24 138
59 344
147 330
89 380
362 391
304 385
21 361
257 310
90 196
175 223
225 308
186 313
41 376
83 336
156 158
218 350
2 73
99 290
64 305
231 276
65 142
292 341
294 391
177 186
43 230
32 117
24 192
37 115
72 103
65 385
133 182
840 32
860 522 102 170 10 496 740 748 408 44 417 24 835 388 796 202 749 665 100 225 844 446 181 754 365 843 343 772 634 306 806 14 38 699 587 476 930 895 33 910 714 615 671 616 636 544 692 57 688 607 744 649 336 844 221 361 77 174 265 471 149 948 431 381 638 655 843 31 680 805 979 641 771 515 196 857 794 223 537 924 704 600 711 743 769 96 943 599 210 22 866 402 818 835 145 323 684 808 376 468 802 913 572 343 98 389 512 828 394 396 49 558 103 906 743 434 836 954 229 974 405 216 52 877 262 328 962 16 850 129 651 938 15 186 442 555 367 550 722 703 995 165 963 286 773 425 907 955 242 487 464 57 25 229 395 615 615 394 748 161 266 125 170 792 149 604 503 265 423 806 300 577 524 724 32 958 767 227 223 202 172 511 468 112 920 220 237 322 420 405 196 666 654 863 355 923 313 116 689 344 922 860 93 875 238 65 405 112 174 125 629 606 391 548 443 845 105 191 427 958 987 795 162 806 645 20 941 743 520 61 504 576 276 808 815 314 557 577 382 244 791 885 572 981 993 294 224 373 918 297 619 650 973 914 593 778 736 800 120 252 997 393 841 444 697 47 194 921 563 315 595 743 184 48 277 77 217 536 571 524 291 168 178 413 815 862 868 431 54 238 672 870 64 678 761 110 603 886 668 403 5 434 612 433 55 591 689 201 186 191 892 457 318 118 56 511 283 762 867 604 944 577 210 331 233 512 786 848 994 585 371 533 894 574 166 396 123 940 792 258 614 657 779 129 848 32 859 151 60 791 52 441 844 371 602 242 95 264 486 301 324 692 494 125 289 662 307 330 102 767 357 82 559 250 722 800 945 146 651 447 585 550 642 770 80 561 588 731 479 761 30 878 684 230 674 727 246 631 551 634 918 675 968 210 238 122 643 475 55 237 540 639 407 612 98 40 189 764 716 392 264 693 200 617 312 316 333 221 435 972 623 37 821 265 633 311 789 589 261 315 288 693 63 454 560 987 749 260 174 408 102 621 892 966 216 184 562 901 7 126 473 484 763 555 88 397 863 65 29 94 872 658 476 981 951 145 654 816 264 314 904 67 853 634 414 210 309 652 997 841 697 280 90 87 570 774 996 228 748 199 138 161 892 304 524 292 275 930 377 622 217 887 844 16 916 916 649 513 231 802 291 826 539 750 123 998 992 43 259 135 375 835 326 23 830 117 459 954 159 651 657 86 333 621 875 193 169 370 699 297 807 208 611 576 607 963 217 134 782 359 597 687 697 100 459 594 630 354 585 347 821 28 741 210 426 818 892 734 636 653 438 782 221 443 115 578 658 904 193 556 595 82 80 310 980 52 623 720 68 335 610 817 436 219 426 738 20 198 243 136 400 566 686 736 395 580 873 48 970 659 325 989 726 868 894 73 267 537 183 431 452 993 822 879 458 191 234 689 294 400 211 915 654 757 718 992 401 336 34 266 216 627 13 525 206 40 655 444 872 238 1000 286 878 742 165 175 568 132 656 47 779 795 864 556 512 357 51 728 59 655 487 32 305 267 571 991 865 444 670 704 784 676 673 252 733 879 753 155 967 64 719 846 282 27 615 591 936 168 275 602 550 384 3 670 35 599 530 55 93 555 424 322 691 648 52 613 559 772 593 755 306 191 104 587 81 198 563 80 733 234 935 50 758 169 462 395 814 236 908 64 638 863 942 353 316 196 996 790 597 197 212 410 305 305 696 443 862 769 946 948 876 557 790 221 733 260 805 675 661 839 757 372 907 793 510 289 92 180 901 781 568 362 597 367 834 867 570 312 538 724 591 783 488 326 423 280 204 776 573 504 618 789 734 63 617 456 837 200 621 427 362 20 674 914 675 404 499 910 410 932 649 242 621 970 394 169 326 570 762 693 
621 759
344 404
102 567
433 474
421 632
158 546
186 323
623 803
49 154
253 677
541 801
598 757
271 646
189 750
412 718
147 658
70 81
28 742
236 421
556 566
207 803
547 806
85 743
331 776
304 677
467 523
33 451
226 537
395 634
68 702
163 719
34 235
414 33
921 697 743 759 702 579 417 936 44 501 790 678 178 814 862 536 900 867 360 938 733 329 818 529 756 669 113 780 720 399 693 465 918 258 939 143 749 162 991 592 462 26 923 752 774 845 74 628 56 219 402 305 46 329 521 800 397 167 532 888 922 751 725 98 992 511 107 236 935 694 118 888 125 85 232 800 427 243 484 958 522 3 990 615 881 775 118 720 588 816 301 194 924 726 497 966 705 489 230 424 833 548 753 367 221 546 719 232 730 25 818 220 116 761 382 631 599 11 594 894 272 769 959 972 586 175 134 603 729 157 522 929 710 568 349 929 907 923 721 801 194 174 250 41 910 644 133 705 85 341 658 686 240 48 862 112 758 623 472 563 323 47 857 588 990 604 959 54 474 22 314 481 794 374 765 821 986 149 557 718 904 767 360 294 812 906 946 801 781 96 772 460 98 379 624 641 978 839 497 981 706 571 7 726 303 798 596 549 400 141 276 481 540 948 399 945 400 607 13 279 857 438 237 560 314 68 873 468 420 196 585 593 2 86 233 436 704 277 956 760 854 739 302 134 17 551 160 407 906 102 739 615 642 361 906 257 457 308 584 693 564 623 669 263 193 216 959 648 753 802 278 854 524 984 206 449 128 733 45 823 224 595 456 8 882 708 269 462 919 753 479 358 832 147 986 990 648 765 168 391 463 555 441 975 756 282 787 610 293 593 515 638 936 735 301 52 827 729 669 24 195 36 235 774 651 125 602 2 742 209 182 380 898 464 680 989 71 222 64 607 751 467 384 44 726 494 773 602 692 242 874 507 890 398 843 780 95 60 749 30 522 97 172 885 336 157 20 844 375 150 173 92 562 723 645 702 218 578 114 501 882 578 631 249 415 837 234 361 517 799 401 934 471 123 585 814 320 336 725 761 99 452 249 141 943 767 444 579 862 600 343 216 816 81 
19 50
20 100
231 289
107 368
272 405
32 397
19 359
154 236
192 244
319 397
93 321
138 206
146 317
230 394
153 229
139 151
45 323
64 138
152 322
252 394
173 349
186 198
278 301
325 367
84 307
12 230
11 397
193 280
331 380
185 294
102 105
363 384
53 288
821 62
895 295 401 862 574 991 633 615 803 198 451 991 329 72 834 223 666 355 584 8 737 971 356 847 26 818 740 919 402 487 830 589 235 18 971 345 79 983 943 782 333 489 485 429 1000 549 734 897 8 107 666 569 800 776 13 669 243 900 266 951 434 125 863 47 92 757 936 625 463 372 803 690 269 938 152 452 665 116 478 600 118 285 498 378 26 98 297 416 582 645 318 102 674 728 536 743 71 463 516 551 780 301 213 103 952 590 181 40 299 94 235 275 307 142 35 132 888 816 807 42 190 541 974 338 174 794 910 561 218 308 531 226 319 618 525 701 486 904 155 697 310 288 340 858 308 381 558 408 265 15 40 380 685 358 238 918 151 753 922 264 124 686 48 591 334 55 673 280 477 365 496 625 188 606 300 540 384 31 751 917 963 720 531 283 470 437 666 793 544 140 515 806 748 801 807 183 721 97 888 528 702 584 974 358 685 934 558 277 119 485 586 23 681 691 721 628 877 954 882 992 399 923 186 710 478 884 413 31 321 187 972 7 194 995 867 519 425 498 602 639 74 249 641 196 655 227 543 261 841 700 919 101 372 311 225 936 58 93 587 728 16 650 540 537 136 751 210 154 344 880 480 916 946 197 249 505 960 814 984 269 430 738 610 351 607 46 613 298 912 325 774 927 142 934 71 918 54 773 77 377 179 183 146 899 725 997 28 601 96 906 374 19 546 284 501 713 78 50 548 343 563 254 217 979 342 710 697 974 606 57 836 560 325 829 285 136 180 334 885 604 726 352 55 784 254 617 660 747 695 308 476 774 835 848 173 350 962 214 801 534 316 427 454 822 904 99 391 798 505 111 9 751 81 341 80 699 528 823 358 983 833 417 965 718 496 313 500 259 353 122 750 511 385 666 783 249 197 559 586 366 690 372 103 780 633 106 631 498 516 209 70 400 146 849 278 323 965 227 38 167 369 286 734 691 733 407 143 331 186 626 939 264 902 296 222 503 672 212 211 829 721 200 317 592 118 649 993 315 521 509 8 67 689 670 429 239 272 67 73 516 97 259 713 546 843 72 487 260 841 628 73 439 250 206 807 4 884 467 996 59 808 109 880 800 245 204 752 224 154 502 517 315 99 350 277 919 813 53 51 585 967 101 776 128 929 592 79 188 593 77 840 958 909 621 426 481 328 196 257 378 592 518 549 116 283 126 944 460 209 148 322 984 748 769 989 599 323 117 541 434 429 415 373 299 449 16 896 589 60 143 647 647 410 447 809 58 741 338 545 850 777 718 595 459 564 835 712 828 926 949 548 814 609 351 206 662 626 745 180 78 79 606 387 937 113 856 690 151 577 817 622 488 959 217 893 480 972 487 761 200 79 801 954 388 990 554 374 53 331 774 667 455 36 290 933 339 57 967 857 298 488 647 162 947 389 520 510 952 26 245 862 627 809 197 978 827 514 109 749 42 202 681 380 814 408 546 472 436 124 331 501 793 184 793 780 694 257 833 678 335 831 853 912 183 782 480 218 875 999 866 501 19 810 871 475 315 992 102 848 811 62 448 87 522 21 383 790 263 843 886 85 674 381 85 854 648 534 381 186 734 581 792 261 830 370 21 421 955 822 263 999 480 577 815 887 745 835 311 775 461 743 173 425 853 106 95 590 988 749 448 919 117 649 541 122 321 979 427 397 377 88 198 697 177 322 927 381 756 133 290 27 609 354 828 868 316 885 466 393 830 993 900 135 80 694 992 277 601 789 865 594 740 374 85 328 31 501 841 75 39 565 963 565 192 736 791 898 64 700 652 963 41 391 484 631 166 184 700 663 677 758 745 89 506 131 992 101 161 198 776 319 244 850 887 656 840 51 677 991 958 554 
213 293
153 796
16 223
345 693
28 771
64 434
14 543
388 657
162 217
663 679
674 788
387 536
247 775
282 628
222 662
231 632
160 459
8 454
459 583
468 603
327 507
264 308
168 785
621 736
394 761
433 531
20 337
512 720
130 250
81 579
33 684
343 402
6 618
662 785
469 478
675 695
617 791
310 695
30 556
234 577
595 630
195 815
698 724
17 423
388 406
629 671
81 746
35 375
272 787
247 288
432 753
90 203
386 815
171 647
177 404
440 507
264 629
281 306
357 460
407 751
191 763
143 306
157 10
209 530 29 147 811 417 138 754 451 45 606 140 859 349 927 579 924 587 199 102 539 375 490 103 881 239 85 940 863 218 957 555 670 245 449 190 237 415 715 847 535 808 231 894 936 849 685 991 163 554 427 502 570 262 948 785 139 816 796 592 618 298 193 845 882 890 922 76 86 489 633 448 564 162 629 678 905 463 549 907 284 905 391 934 537 957 669 723 270 842 477 935 745 80 237 205 418 374 716 523 843 805 290 307 795 857 41 522 23 297 803 203 20 328 879 668 909 362 332 37 803 837 990 508 496 864 259 312 377 491 722 399 860 776 997 414 426 540 573 210 19 432 160 612 805 721 78 939 808 711 470 494 279 871 568 851 573 
2 120
109 156
41 142
63 84
59 152
89 144
58 90
86 123
154 157
70 135
449 87
550 804 874 817 442 425 777 593 344 407 60 593 32 903 279 420 856 609 611 943 841 218 215 731 524 913 328 653 378 341 296 628 220 473 31 650 700 999 391 996 188 983 53 53 533 273 657 77 577 799 47 139 691 376 771 166 418 499 283 38 210 227 224 384 506 926 689 23 369 146 324 493 887 518 793 983 303 938 563 709 772 359 587 34 181 32 526 324 608 262 942 550 80 654 67 715 786 427 633 108 727 16 836 686 502 938 872 665 728 724 69 531 338 211 355 931 186 840 887 508 867 415 842 949 888 386 163 17 195 538 805 959 778 502 716 467 699 123 572 107 909 247 817 896 731 995 14 637 508 511 673 635 922 860 503 451 172 616 729 938 548 15 777 947 189 447 758 278 639 641 942 816 761 465 994 633 671 569 567 979 256 338 479 585 532 821 655 304 474 587 920 450 241 378 794 682 215 182 412 543 542 390 521 132 891 506 357 640 273 802 637 859 509 657 389 893 616 89 852 123 327 889 147 961 695 836 504 267 763 878 21 497 295 712 408 978 463 311 746 16 683 984 478 79 153 711 732 297 423 147 246 183 969 759 434 904 14 379 720 132 386 382 602 490 101 780 110 583 268 979 333 17 976 15 410 696 752 48 195 57 807 757 642 908 784 753 730 993 223 738 794 232 593 903 677 557 741 618 526 169 388 814 397 440 538 371 184 70 314 397 481 845 800 708 386 459 723 111 252 864 330 32 779 956 435 624 409 731 879 211 802 618 432 492 724 63 800 710 57 272 566 657 470 631 80 614 652 372 560 546 912 869 223 486 771 874 22 892 524 611 64 923 815 411 96 700 887 573 697 891 892 742 241 187 815 254 262 107 490 794 589 711 568 988 570 386 430 308 645 362 66 855 803 426 915 963 860 3 369 713 916 556 922 746 511 421 930 715 754 546 278 561 164 229 305 653 948 490 456 9 380 521 405 578 637 585 937 109 140 841 721 654 423 320 149 393 43 312 628 131 6 622 798 313 786 729 363 882 466 
44 327
159 369
187 238
227 297
353 375
44 427
12 234
175 296
271 408
171 379
345 423
86 236
250 285
24 83
7 87
94 364
168 320
15 321
185 439
23 115
110 380
128 323
226 388
350 427
291 344
23 40
160 317
15 134
351 444
194 441
150 350
35 85
66 111
26 372
126 207
84 365
46 270
245 440
105 447
68 310
74 166
355 399
35 337
287 357
14 70
9 355
41 237
68 373
78 265
60 143
3 210
121 231
203 311
424 429
132 444
94 382
346 449
152 268
235 254
18 392
141 215
196 434
358 374
62 65
319 415
243 313
2 108
233 290
205 294
320 436
48 387
90 432
114 158
253 279
168 189
254 374
75 161
246 300
57 208
179 194
214 236
95 358
20 28
318 397
153 321
53 162
363 375
518 9
475 740 399 148 12 478 277 809 563 71 421 639 600 923 935 93 446 457 821 374 333 835 51 539 798 115 384 774 968 326 527 74 348 573 207 64 278 885 814 860 209 57 272 137 516 507 997 427 542 2 787 575 279 339 333 453 456 557 846 901 121 927 273 971 994 502 301 13 622 592 793 160 437 138 48 23 363 318 947 798 615 436 962 482 518 735 138 517 458 474 879 732 407 262 331 866 349 68 238 590 877 382 198 961 680 376 356 87 445 114 180 709 846 497 563 736 39 965 952 928 38 591 919 399 335 727 108 533 404 853 253 745 1000 397 333 322 556 47 530 357 776 226 983 66 67 350 427 246 594 285 488 156 43 528 467 785 829 271 426 385 126 904 39 398 861 376 671 792 777 506 685 274 292 296 653 438 268 646 581 545 505 4 266 909 520 615 363 447 509 47 416 261 444 29 904 710 80 763 173 417 272 354 619 163 80 189 830 480 83 774 117 891 416 596 401 318 595 544 170 74 244 812 501 60 752 432 470 205 467 421 171 967 507 198 719 869 808 810 743 863 919 439 726 617 616 100 825 665 734 276 74 222 856 605 462 889 581 680 656 855 421 65 133 890 373 563 104 984 999 844 524 550 708 575 103 163 133 922 569 168 42 753 110 104 171 326 672 272 642 615 272 423 185 531 665 286 198 642 943 90 320 84 556 583 408 637 683 592 979 884 276 1000 461 4 74 636 570 529 526 248 516 775 160 951 375 339 923 930 57 891 208 567 83 78 653 577 524 27 59 117 46 994 629 608 500 829 241 453 617 895 938 415 402 675 33 505 886 326 556 641 773 814 790 711 150 279 571 438 380 335 230 220 752 930 603 84 789 465 921 513 558 533 861 262 814 572 601 750 437 997 845 807 798 695 416 264 783 637 950 984 254 775 322 219 249 126 589 308 567 206 78 50 73 658 638 495 937 480 812 593 137 791 742 70 794 121 597 323 152 145 446 873 289 892 14 180 25 830 554 262 46 555 440 378 510 17 964 845 410 274 16 644 556 151 731 868 110 446 255 457 443 464 107 431 287 849 175 531 712 574 813 484 138 796 709 217 737 299 988 817 382 604 479 426 271 66 895 792 560 68 786 21 725 137 679 606 928 355 34 203 959 711 22 315 361 311 156 930 458 752 590 506 568 48 235 325 833 521 
279 323
37 212
252 389
228 397
293 396
69 168
13 197
145 462
114 292
237 53
969 276 634 854 838 680 679 407 35 526 680 846 353 891 803 887 333 207 731 937 529 523 898 206 292 697 694 952 562 428 545 311 561 40 521 42 534 375 922 213 912 222 441 383 231 722 286 903 431 285 428 519 299 879 277 627 366 969 502 663 889 810 660 94 392 331 550 59 737 266 907 418 323 362 642 122 619 973 605 21 861 266 594 327 212 668 770 898 236 729 789 510 129 932 362 596 37 615 277 306 948 3 923 579 387 936 240 1 931 912 472 260 122 558 774 829 545 800 814 63 165 282 844 109 518 115 280 284 14 187 305 784 637 33 179 706 439 157 48 162 993 270 579 596 790 178 734 106 904 497 27 814 550 345 335 737 623 369 392 912 581 833 692 336 110 468 769 845 613 649 466 82 35 265 243 602 207 323 369 439 886 128 49 183 501 465 50 106 891 259 198 492 695 325 252 6 887 252 75 639 900 203 975 447 980 758 872 767 990 251 896 626 125 934 957 151 898 591 468 281 277 851 126 966 849 307 983 49 916 706 906 755 471 399 688 823 647 
26 160
116 208
130 150
21 207
141 182
104 218
38 89
8 13
110 114
25 71
105 199
57 187
70 123
37 204
49 183
101 150
39 224
6 191
38 72
39 234
7 67
90 185
171 177
89 222
93 154
5 186
196 217
59 119
104 174
100 195
70 219
121 134
167 225
21 63
196 220
176 233
152 213
119 221
33 88
220 230
56 214
50 86
1 49
38 109
128 196
111 218
20 116
103 198
113 157
4 152
219 227
9 154
89 170
179 1
646 147 360 536 812 620 35 110 8 703 229 208 668 807 998 187 490 401 705 774 672 695 847 65 810 591 517 907 433 64 83 428 794 969 165 949 818 318 195 230 37 459 143 60 555 610 541 251 286 204 662 694 529 282 707 825 244 360 70 899 797 949 744 576 858 108 453 454 104 588 895 436 139 894 435 782 547 82 26 296 135 143 147 33 358 818 197 227 178 373 276 776 269 953 493 151 657 756 972 390 426 330 154 697 572 887 252 61 728 419 49 986 294 258 562 905 339 571 105 772 649 237 540 69 50 751 101 946 21 434 495 148 345 434 367 763 511 543 510 137 636 33 976 517 257 712 449 70 946 422 903 627 543 618 778 13 796 89 613 382 642 803 530 219 279 513 381 156 146 103 998 674 698 703 986 508 889 164 297 
5 31
978 53
788 578 521 683 996 570 231 853 473 414 44 815 731 404 385 938 115 825 71 285 152 439 923 168 485 219 232 763 180 951 808 804 87 490 383 893 677 98 279 893 563 326 192 656 989 18 10 237 988 913 9 305 107 932 770 699 950 802 969 326 124 197 15 454 115 547 476 36 531 758 957 274 173 754 185 115 132 351 850 972 410 990 631 827 779 441 153 450 491 481 41 745 301 135 13 205 215 673 290 804 898 323 338 257 760 116 328 663 496 22 558 633 470 278 88 742 848 590 521 65 56 371 337 540 902 825 311 536 916 150 414 489 287 279 275 3 839 33 110 51 831 694 701 101 429 281 48 589 229 831 135 899 997 382 492 654 155 317 783 293 870 613 268 383 808 489 606 134 509 224 144 930 58 13 399 414 183 82 518 252 94 763 883 370 268 940 699 777 560 705 916 456 119 618 918 846 636 21 696 709 396 251 508 36 678 687 247 744 632 105 621 10 935 912 820 450 608 529 654 963 51 490 581 707 622 115 975 800 822 92 267 754 334 625 828 273 116 302 940 219 641 184 58 142 12 484 747 243 653 19 134 40 977 686 937 221 579 633 866 302 270 790 922 821 493 606 607 607 2 250 952 569 626 239 709 630 532 802 472 692 221 510 867 925 944 457 616 323 812 372 184 755 172 64 236 172 4 923 28 18 92 805 323 506 130 198 226 563 241 102 57 374 196 254 263 10 963 952 48 782 502 299 693 436 77 891 946 404 964 552 32 517 612 988 187 32 787 549 426 249 478 749 640 858 906 678 746 85 694 531 85 403 434 317 889 707 341 153 992 509 504 767 353 444 875 822 145 451 709 665 667 881 460 662 404 411 402 875 123 427 58 673 835 689 700 508 73 906 402 991 456 228 869 915 349 626 844 67 985 826 54 477 87 288 745 29 366 822 241 1000 910 275 947 334 538 126 798 714 482 776 420 674 415 71 68 830 766 491 903 734 771 950 794 833 310 680 76 785 574 305 461 658 370 519 918 859 47 370 323 423 952 542 553 368 857 70 55 797 626 10 166 447 184 333 998 574 38 174 625 413 239 534 689 237 868 216 177 652 440 888 189 506 800 223 121 570 719 195 836 421 158 299 682 737 861 943 187 409 228 990 521 425 525 841 700 631 871 39 283 784 745 344 497 702 736 799 785 102 705 811 618 982 809 701 920 597 235 57 464 392 768 399 382 291 67 618 985 537 985 563 112 972 466 550 734 287 313 204 606 610 336 769 912 723 569 511 348 993 943 117 102 167 692 153 228 790 152 611 742 613 787 634 295 88 579 101 103 430 7 485 478 803 926 625 542 954 222 620 705 701 476 451 157 486 647 779 153 891 105 109 946 805 824 733 49 387 162 944 875 64 164 699 717 329 139 785 949 410 763 873 367 3 353 863 79 91 695 118 131 101 170 342 758 598 759 682 735 371 787 508 901 580 694 443 148 61 505 995 415 403 206 964 561 634 391 771 20 291 904 637 990 891 436 213 207 989 237 102 111 656 195 981 354 483 114 379 608 769 52 371 704 329 421 438 602 600 143 73 674 954 672 351 918 433 449 609 118 910 421 906 15 765 552 356 628 963 349 352 530 466 686 815 282 698 1000 922 732 341 423 693 355 152 664 859 756 273 228 429 348 326 750 820 596 94 521 528 268 11 518 235 701 113 227 109 214 225 755 917 576 182 977 134 764 984 762 909 123 990 899 381 352 896 440 439 156 267 47 280 693 548 447 176 37 270 980 425 532 920 591 668 916 270 740 651 860 215 694 791 234 937 198 286 918 531 96 401 286 968 460 427 46 611 597 161 563 238 983 65 206 725 154 394 879 832 803 331 4 619 534 108 499 923 226 618 185 425 686 377 596 527 778 356 762 409 204 898 623 337 32 478 60 646 499 816 861 82 854 233 366 841 443 151 672 312 922 525 238 524 140 308 420 227 504 176 378 34 66 347 804 738 237 970 611 769 10 564 416 771 863 172 598 921 559 557 237 105 596 695 711 982 470 648 86 305 426 493 680 386 482 896 256 337 744 33 400 91 178 381 300 632 109 960 67 617 285 164 108 54 626 187 370 663 615 455 796 186 214 770 350 440 290 659 992 333 805 609 208 957 209 552 130 700 736 598 193 957 784 474 295 734 917 770 594 764 247 876 430 453 813 747 585 253 427 339 87 550 122 587 116 77 699 579 656 384 568 199 414 120 
425 488
687 772
6 329
106 877
104 187
225 651
522 941
125 605
314 890
147 444
270 451
21 302
182 401
100 236
635 846
113 861
351 385
349 448
793 825
375 946
341 530
694 913
103 524
559 645
461 468
4 377
474 905
76 100
455 899
305 597
459 902
805 970
124 882
732 947
222 938
194 567
843 933
32 51
134 583
369 676
565 822
388 705
460 707
118 883
92 448
167 416
116 376
611 786
153 572
161 841
88 969
105 196
344 435
466 41
559 248 415 369 372 19 403 158 943 443 445 343 428 313 104 381 344 900 480 340 369 59 773 823 1000 311 18 381 735 721 88 316 272 942 419 483 863 940 686 605 996 266 648 415 471 233 569 314 170 179 832 803 429 577 276 620 931 774 687 656 511 209 162 255 919 102 683 323 729 75 417 398 542 169 597 124 501 28 874 286 967 254 939 279 585 916 324 883 122 291 817 805 29 848 516 48 104 181 984 62 462 945 190 207 401 651 880 172 449 100 696 730 115 890 638 526 536 870 192 11 277 602 104 287 711 106 412 758 437 958 817 259 743 982 30 739 454 656 782 712 11 50 991 596 423 88 938 106 761 623 313 336 899 679 951 598 983 488 615 466 48 916 652 443 710 930 193 174 751 437 913 5 578 183 273 943 657 18 545 417 956 984 455 165 895 202 481 524 381 525 674 398 601 733 598 664 571 192 779 143 709 921 639 140 337 300 865 548 94 666 827 344 754 634 29 272 970 364 46 975 253 412 977 192 154 767 886 617 180 462 937 497 639 11 502 243 454 435 776 453 246 125 940 469 56 126 75 576 863 853 536 846 488 939 150 330 85 785 804 449 234 347 392 163 823 453 650 841 546 565 259 775 859 978 266 188 201 998 414 913 559 28 961 944 887 903 262 81 921 830 780 718 524 932 419 160 682 397 118 948 888 270 812 222 417 439 510 568 238 43 782 837 34 43 197 946 632 434 627 721 154 582 45 888 851 651 999 728 890 780 833 245 382 169 564 855 806 415 393 670 510 39 259 145 104 501 961 845 473 308 415 36 468 266 358 32 980 117 104 333 238 969 872 586 493 837 78 30 630 170 221 486 614 787 10 627 828 165 275 750 717 428 577 169 598 901 182 675 506 677 448 287 218 362 423 701 527 853 15 476 269 294 836 262 235 447 15 566 779 201 484 617 747 862 278 801 333 718 188 332 34 866 381 262 809 533 173 894 409 54 12 519 457 622 460 310 427 186 966 879 561 407 339 307 230 200 571 538 806 22 655 840 903 347 322 963 650 607 143 598 448 361 202 366 3 819 
250 356
91 310
298 392
93 126
75 359
414 422
87 287
51 63
72 205
66 245
207 261
268 419
65 294
58 417
26 181
328 428
4 193
9 406
109 274
181 414
93 278
60 451
100 262
207 402
244 325
85 101
94 212
127 399
133 426
82 179
17 168
161 277
296 414
95 246
433 466
94 201
79 291
423 428
42 323
147 185
68 340
301 87
582 965 957 994 142 462 86 298 97 423 282 117 256 521 231 723 521 111 55 75 581 521 783 964 692 256 480 592 874 755 982 911 245 221 599 652 497 811 610 319 470 60 561 455 91 37 269 339 674 134 88 832 908 138 405 560 281 962 188 265 712 527 784 718 449 101 16 71 31 862 731 329 342 90 710 382 664 373 293 401 400 423 232 218 822 849 920 25 311 412 792 897 640 144 273 160 341 679 292 227 951 727 978 954 149 912 852 187 192 741 643 530 231 356 560 285 903 899 205 568 643 73 605 114 985 914 300 966 249 757 108 789 17 968 956 91 378 478 841 461 295 177 872 145 321 94 701 719 913 11 60 229 598 248 751 192 594 785 478 136 287 360 375 135 159 255 843 646 856 61 843 360 788 487 271 265 694 93 320 207 91 431 650 580 167 811 153 576 443 446 21 347 284 41 333 74 146 387 383 865 982 380 441 173 759 24 714 921 594 992 134 561 880 33 276 476 245 233 81 29 703 273 392 50 884 491 908 436 538 581 778 806 811 138 598 637 271 783 718 135 588 896 415 392 479 172 745 131 790 129 513 283 586 6 678 904 261 106 850 126 99 772 724 219 324 193 506 724 852 119 277 251 817 225 702 845 795 355 262 781 104 264 669 669 750 913 385 414 657 399 170 503 555 368 846 601 944 45 885 595 208 
92 234
115 267
123 249
114 273
150 265
101 230
110 192
185 187
26 119
125 239
189 281
83 124
127 193
75 131
36 124
81 132
50 83
2 154
140 224
138 210
64 211
26 128
9 230
23 82
139 291
35 236
209 232
104 170
171 301
114 210
152 199
132 267
78 194
210 299
16 47
32 243
240 255
111 169
18 97
122 261
65 164
23 220
94 280
180 196
14 287
181 250
79 263
57 98
243 285
138 181
54 248
165 230
44 197
235 263
70 212
32 41
270 300
104 178
162 264
121 255
77 180
107 115
172 293
37 143
50 193
126 256
52 202
90 289
110 182
53 284
86 268
12 262
25 120
60 209
49 262
10 253
86 185
220 238
31 260
39 284
253 281
97 144
72 270
32 132
84 115
77 196
13 206
598 1
217 616 983 506 319 808 335 193 305 883 736 13 85 833 764 548 819 291 51 279 194 17 887 342 711 323 916 275 926 759 308 21 921 356 553 784 874 372 446 59 173 754 589 600 458 202 543 381 723 303 576 628 572 98 798 388 401 618 217 546 650 934 855 288 925 35 259 328 36 475 885 27 421 630 384 855 359 573 690 810 625 87 89 876 39 787 105 969 651 2 429 142 168 811 236 809 318 592 420 259 754 814 10 502 232 975 728 153 708 403 932 601 877 500 406 499 84 658 485 266 187 98 14 359 938 913 393 485 592 966 451 134 790 586 517 511 871 788 271 973 563 452 195 750 349 720 602 146 445 261 89 255 224 378 176 152 334 225 727 414 229 495 843 787 494 490 66 595 676 358 254 925 522 384 854 486 21 958 730 446 297 642 352 182 364 530 277 837 606 181 317 915 389 637 375 193 785 614 464 188 875 81 447 603 457 65 887 841 515 540 328 899 254 8 208 180 808 710 479 641 9 136 381 644 583 477 971 262 393 187 989 558 875 806 853 739 916 547 503 602 401 22 550 219 417 399 455 131 779 798 725 244 716 137 926 566 64 619 966 829 465 306 911 380 706 234 411 214 346 558 622 808 960 166 159 713 124 854 619 826 754 908 943 806 445 107 212 135 140 556 245 436 724 22 315 797 410 453 639 799 504 711 550 850 841 857 36 707 289 156 323 802 615 8 436 809 442 250 333 437 888 835 6 931 342 21 532 501 657 614 872 160 101 58 424 202 56 358 512 193 178 974 595 901 953 107 29 296 804 573 181 703 22 299 509 416 243 512 270 23 289 926 81 759 296 412 248 43 137 623 944 861 135 947 575 794 277 160 376 665 285 118 910 684 814 554 897 43 600 8 35 217 382 924 201 433 953 871 339 977 175 196 15 958 97 47 520 54 51 467 438 537 950 458 281 537 752 499 44 96 97 192 522 583 246 81 214 922 926 908 72 934 660 313 920 669 418 762 207 864 441 332 890 589 900 738 600 840 873 348 370 46 409 657 791 182 421 711 678 727 841 87 127 622 627 618 278 32 119 90 844 448 857 510 460 360 577 616 508 910 880 374 869 759 577 394 286 989 254 726 67 430 442 388 473 36 650 570 341 443 357 302 73 133 352 202 429 371 14 671 689 308 643 169 185 404 463 311 825 394 804 304 100 921 755 258 133 415 499 87 235 653 831 927 406 390 34 70 774 248 786 287 263 29 501 921 409 853 998 859 240 500 545 749 9 978 351 372 610 10 95 813 440 263 855 512 224 258 809 367 192 368 686 718 342 299 213 1 392 668 237 475 74 912 692 738 332 831 686 187 779 755 979 421 640 200 345 834 
269 481
685 99
793 66 365 306 539 402 870 776 702 311 165 869 306 402 35 154 571 288 502 736 646 746 9 999 602 649 52 528 518 621 363 913 207 524 709 378 58 875 611 245 288 370 857 883 845 434 44 964 4 691 384 218 657 90 240 1 423 443 361 500 568 524 116 938 478 97 39 246 415 460 420 173 737 941 179 416 635 679 38 404 80 718 736 418 375 367 439 25 79 693 41 800 796 599 460 119 984 787 75 593 246 367 874 892 742 372 563 462 807 996 848 85 897 966 398 906 638 92 583 67 237 619 980 372 556 974 846 324 233 469 323 739 425 911 897 801 996 935 240 940 176 690 616 3 565 365 357 227 444 648 594 902 986 306 463 738 342 192 882 476 580 312 728 518 419 403 488 171 614 659 782 320 143 906 116 258 199 252 138 433 690 938 191 235 991 276 152 320 70 853 777 350 812 890 540 556 359 155 956 501 80 500 323 664 247 637 839 332 656 48 592 877 548 991 191 496 120 600 507 126 795 51 641 320 1000 609 748 791 701 452 198 339 425 940 751 928 874 54 668 310 744 278 635 661 652 855 962 243 739 297 850 708 603 381 994 350 663 361 670 675 139 413 910 553 281 655 981 598 402 99 590 583 537 447 389 743 675 761 203 551 104 685 727 777 612 164 195 626 222 578 657 959 932 333 581 293 438 456 845 760 809 709 670 127 616 83 106 686 797 196 299 67 243 807 967 414 412 274 690 918 447 439 833 943 578 353 326 556 967 410 65 20 682 20 78 392 652 498 282 714 313 217 229 397 672 874 213 405 894 771 922 695 291 822 873 182 504 913 787 118 350 771 233 1000 203 532 862 439 445 311 675 464 543 995 429 938 112 503 330 710 679 308 272 376 923 112 59 725 916 112 724 281 411 294 87 398 495 2 504 61 932 393 794 180 179 330 209 78 195 382 932 575 379 762 69 184 387 978 71 62 80 907 798 624 697 359 307 591 591 341 805 365 669 680 366 988 599 979 351 572 270 981 158 393 210 696 629 250 401 206 250 865 96 797 467 369 744 982 141 183 647 187 630 380 742 985 924 749 504 874 352 864 375 883 91 174 77 400 808 93 533 504 429 523 256 651 287 74 482 109 453 84 395 795 602 765 591 960 300 953 633 954 626 235 164 899 269 861 774 993 429 280 168 430 390 271 175 149 986 557 311 711 984 58 735 718 857 221 80 952 217 567 751 642 181 892 859 655 224 481 546 594 271 260 19 346 747 401 354 115 92 37 593 403 988 558 111 233 982 26 520 379 154 184 622 466 54 834 735 542 524 487 383 360 881 893 357 62 170 823 575 820 971 364 547 628 388 281 372 966 86 778 474 618 465 457 167 495 22 178 829 594 912 357 344 423 754 52 576 157 983 692 767 960 616 981 515 306 715 505 802 951 435 346 475 120 599 4 55 124 93 824 494 975 742 588 663 317 301 534 608 419 190 198 801 518 889 606 582 50 483 19 534 870 776 738 323 199 595 829 963 960 36 614 405 515 587 544 743 82 716 779 981 550 645 765 976 356 462 638 500 381 224 1000 925 
58 333
369 648
419 582
465 559
537 636
65 471
341 557
66 426
92 249
453 584
464 550
37 156
456 620
24 120
391 639
161 451
441 473
276 555
68 593
161 279
269 619
72 333
122 525
314 409
19 313
93 626
203 355
92 612
299 333
191 507
216 316
99 201
522 611
133 392
104 525
403 589
196 544
185 296
159 258
215 257
13 51
95 465
76 631
105 584
30 98
322 540
127 293
212 289
525 563
180 623
277 422
186 654
250 296
363 552
657 674
311 453
114 151
457 512
414 646
128 158
311 403
319 586
55 441
208 270
463 642
492 544
262 671
151 675
10 209
40 657
197 682
429 613
281 482
80 564
330 501
349 525
93 545
192 511
204 276
429 535
4 361
275 566
136 238
307 463
314 492
92 443
64 683
75 478
567 597
36 520
143 317
103 216
58 360
148 538
105 270
177 284
65 353
132 584
79 236
580 19
150 870 552 316 897 522 163 650 65 578 508 433 584 409 342 90 933 515 556 552 582 69 348 480 675 540 496 928 42 925 48 972 141 296 245 68 648 304 453 884 914 812 905 462 949 99 328 117 367 309 771 955 410 242 627 502 728 559 870 980 447 779 293 636 653 31 76 654 268 653 277 861 47 660 835 926 1000 812 345 872 746 132 411 244 524 498 905 326 38 443 24 289 38 681 844 206 283 678 317 232 23 106 307 650 711 430 429 673 614 231 401 631 521 969 755 658 893 859 928 429 962 152 47 16 123 52 666 986 910 881 111 102 239 780 470 258 70 300 358 506 608 993 840 245 282 727 244 585 679 675 285 236 957 598 665 27 807 270 756 155 325 647 368 430 821 366 507 833 566 999 867 954 794 174 881 862 208 374 598 857 809 131 969 210 529 698 191 303 250 89 226 948 748 905 960 471 339 670 884 244 982 316 736 90 640 542 144 240 104 617 767 946 987 594 409 409 328 987 389 180 392 545 611 666 225 968 843 220 388 487 619 791 375 116 952 176 619 395 459 996 232 756 364 980 860 250 504 427 933 185 997 809 401 79 877 772 203 920 632 980 977 836 865 125 427 310 759 910 422 803 337 495 965 158 725 130 256 430 66 822 571 288 231 311 908 966 86 786 614 364 395 928 836 676 859 615 55 542 518 351 709 774 776 141 976 551 253 127 418 468 524 563 594 955 401 882 489 578 831 53 833 348 909 195 640 83 766 450 104 739 528 16 370 511 310 739 526 568 62 717 56 447 711 116 436 264 105 392 119 360 153 89 991 431 384 953 424 761 665 520 346 170 861 231 643 821 899 694 407 983 550 226 700 939 682 232 132 344 598 255 165 727 354 365 561 42 544 15 344 309 481 776 855 779 15 369 421 940 88 488 997 877 111 800 624 719 705 89 312 918 895 362 419 11 866 123 370 451 51 969 37 430 384 240 710 370 123 47 834 32 651 600 667 336 209 97 388 545 26 67 463 305 528 115 822 856 766 225 655 756 870 534 437 981 496 839 591 149 688 92 870 325 974 789 358 455 879 20 523 95 857 714 128 816 2 18 43 476 430 324 982 465 984 726 592 644 50 505 13 538 20 685 589 753 211 462 688 989 208 255 288 505 750 761 177 73 421 3 505 505 141 656 839 451 246 135 888 491 70 687 931 954 322 175 357 31 458 423 319 819 162 903 689 107 446 168 922 726 942 177 5 956 869 203 309 462 563 310 550 200 267 602 95 527 794 242 296 684 992 613 294 139 227 890 683 17 873 838 244 706 513 187 288 490 728 476 742 655 558 910 
447 566
110 522
110 505
20 165
21 468
297 315
156 433
206 247
265 466
211 315
36 427
136 368
7 210
42 342
55 72
123 142
69 404
524 564
32 355
991 62
498 412 895 219 470 715 584 58 795 637 399 498 310 77 957 559 29 722 689 15 516 432 104 186 323 955 786 287 288 351 648 817 359 800 332 383 257 109 368 232 53 25 734 864 214 102 274 99 788 187 405 230 691 450 12 634 576 402 741 516 628 86 1 985 811 931 675 555 496 162 250 965 98 596 924 848 954 820 263 871 101 872 602 859 314 813 419 77 687 414 914 144 27 894 122 781 163 299 310 777 358 482 571 331 718 920 928 44 497 125 659 115 188 194 551 76 810 865 34 589 209 559 803 72 452 319 132 956 431 832 400 181 562 174 144 632 382 356 733 595 172 540 580 224 171 509 705 78 887 336 376 995 959 230 739 400 553 418 998 197 705 765 971 765 12 338 620 968 880 94 575 182 486 727 446 870 232 423 46 234 661 592 705 126 751 235 329 209 791 337 417 448 662 678 713 776 928 204 540 139 121 224 352 121 805 471 934 69 176 57 895 338 125 200 390 531 239 858 428 108 3 517 194 348 982 601 610 780 791 259 471 795 88 265 27 971 242 566 295 774 267 397 493 164 526 620 26 256 293 345 613 147 113 242 219 879 419 802 543 295 900 812 964 876 708 3 655 32 798 688 151 107 526 117 143 695 947 81 217 855 991 533 657 502 914 521 589 587 96 301 948 1000 471 966 761 684 74 649 10 283 786 208 461 667 566 158 626 319 501 267 362 614 708 507 574 469 690 624 471 989 148 932 946 678 151 507 464 325 736 327 59 999 831 479 272 529 756 877 468 3 761 352 783 71 142 245 623 736 247 672 330 993 127 345 952 739 820 737 423 505 504 353 261 852 271 321 93 543 831 609 350 969 720 88 243 270 388 918 355 36 465 352 512 43 585 711 230 361 475 542 91 342 338 370 879 902 455 248 895 54 864 93 576 92 467 891 32 144 290 330 519 413 491 595 781 853 311 492 516 247 142 255 735 641 831 495 385 298 213 954 901 280 535 560 23 441 824 103 12 98 259 150 930 314 992 938 565 777 437 548 28 404 464 11 902 498 261 991 252 571 800 703 971 385 772 702 634 764 185 134 135 139 365 869 719 467 750 257 899 826 845 662 112 636 338 937 741 538 645 638 720 998 988 442 449 280 903 32 60 10 535 414 460 444 501 834 426 141 74 170 156 514 363 974 987 736 936 696 295 285 805 465 57 621 196 170 470 500 468 403 152 163 367 553 280 53 124 151 384 882 713 697 275 248 575 510 971 688 310 596 295 498 958 683 475 9 443 667 350 984 989 390 375 743 271 367 523 730 894 205 796 144 578 612 862 870 524 55 544 773 440 430 474 191 298 384 508 155 656 934 347 466 861 655 795 931 205 355 931 200 116 271 21 13 718 954 186 178 986 399 465 24 236 946 836 52 790 785 712 477 731 971 911 56 787 589 217 868 306 47 202 845 153 953 331 738 176 968 476 176 89 178 414 197 776 310 122 604 258 707 32 108 128 689 254 494 230 46 737 407 356 723 509 458 249 786 622 356 260 344 914 288 35 361 356 48 493 735 202 998 176 425 95 799 360 710 79 373 131 779 10 843 80 984 769 384 326 774 988 594 129 415 896 844 913 88 651 962 562 378 363 229 272 669 637 649 992 933 595 517 958 360 872 598 932 225 650 322 627 567 32 922 249 405 381 39 9 601 835 622 557 453 615 44 969 764 194 149 782 373 554 399 656 101 249 459 709 601 964 539 862 999 71 199 549 230 993 979 685 551 457 330 382 219 977 525 957 60 767 964 330 469 823 879 270 691 754 644 167 316 563 873 324 419 52 235 760 517 127 849 362 506 385 298 769 727 408 1000 880 289 758 895 428 256 612 789 96 91 728 155 648 927 685 577 532 717 757 493 819 416 175 45 791 810 458 961 750 664 940 399 53 267 985 626 93 217 793 497 361 606 647 5 187 881 585 125 887 17 928 467 305 747 951 753 35 354 164 436 746 758 268 37 946 637 219 497 663 203 645 26 898 147 643 248 285 535 375 158 570 987 493 108 444 146 931 416 707 449 581 422 671 494 801 31 551 494 420 90 756 938 292 720 121 326 14 5 442 831 225 330 547 416 494 421 622 523 13 943 48 812 728 474 242 960 235 993 944 403 119 651 812 155 653 891 851 855 269 511 93 788 900 22 246 552 701 37 717 906 752 145 608 107 524 317 310 384 593 644 456 820 55 56 964 859 371 408 491 231 535 887 354 289 547 754 820 535 205 415 968 43 578 
136 191
398 646
470 820
581 931
603 790
108 193
238 476
582 606
215 945
287 546
505 524
575 828
43 982
148 532
124 731
358 859
601 897
90 399
127 762
111 596
580 645
267 838
158 531
197 652
478 836
41 121
243 922
144 182
396 764
613 823
226 297
1 438
175 440
226 409
9 355
803 890
237 346
121 910
128 484
284 351
591 767
181 978
630 980
80 332
498 958
29 503
734 849
700 894
504 654
496 659
97 139
447 980
265 685
229 948
420 570
446 757
426 439
54 415
790 845
55 471
786 972
414 848
193 55
486 19 227 70 808 741 963 634 627 754 249 565 458 54 437 688 893 588 173 670 191 542 591 76 52 659 790 580 551 143 886 127 913 19 650 658 179 705 510 858 147 386 626 996 468 560 278 761 260 299 312 942 706 322 998 791 839 262 115 787 62 782 175 27 536 322 410 168 404 720 214 749 590 173 648 643 188 579 291 926 646 61 767 878 76 199 619 460 395 927 688 642 129 881 921 171 576 409 813 807 165 52 931 616 74 956 876 850 862 42 368 786 990 7 982 252 743 801 288 103 94 668 974 375 514 36 511 600 867 599 298 574 594 7 929 661 106 3 142 902 906 752 391 370 601 767 800 726 75 42 960 619 496 172 221 936 234 344 734 260 676 105 277 235 960 96 707 303 469 932 821 461 411 885 68 579 39 701 363 905 298 800 27 494 100 615 974 330 271 457 256 782 984 
128 181
83 163
40 166
36 65
18 85
27 46
107 118
8 96
42 96
39 137
167 181
3 170
29 46
25 135
136 150
22 132
120 173
81 108
10 191
65 122
132 173
57 189
39 185
136 183
122 153
27 116
16 87
82 154
9 189
40 111
8 75
77 159
28 185
10 188
10 19
51 85
69 87
16 19
81 191
101 177
46 56
28 151
145 159
47 84
3 187
65 179
116 118
63 88
6 150
115 121
7 31
84 173
66 96
145 148
97 99
256 41
950 259 668 471 858 716 168 731 931 388 615 583 977 402 622 43 295 660 181 884 687 281 1000 388 626 287 143 209 459 887 595 953 925 125 42 7 574 843 556 988 576 493 687 64 792 921 696 968 804 727 656 375 721 788 783 178 270 327 1 353 88 373 906 958 497 633 599 496 317 675 509 555 294 439 246 402 239 785 449 560 204 524 875 274 112 276 529 931 196 69 520 551 264 68 654 874 464 92 942 791 969 206 932 637 979 294 523 408 237 256 77 684 87 218 414 518 590 891 828 244 668 668 510 301 98 986 837 740 733 885 217 145 449 665 801 183 598 860 767 179 358 102 650 35 216 26 182 895 658 219 410 144 811 292 192 458 371 542 773 940 218 190 467 789 617 185 940 346 214 111 961 409 619 560 728 964 622 785 555 881 710 996 604 239 121 828 481 51 760 163 461 96 690 254 789 524 177 203 237 359 399 834 178 652 72 552 421 569 125 941 258 349 655 711 642 764 558 420 96 350 776 725 29 277 711 32 882 527 601 283 934 528 641 344 902 793 227 100 892 456 679 93 36 388 520 268 513 300 235 637 246 694 265 525 90 186 
162 250
221 255
19 144
46 171
20 174
40 147
123 124
62 197
15 184
22 75
13 255
234 248
72 129
66 225
151 227
22 76
12 168
76 239
30 253
216 250
79 91
52 232
39 206
41 82
51 225
5 16
87 99
76 185
194 204
46 249
21 24
40 87
86 146
12 221
217 224
186 210
54 156
201 243
1 178
68 137
152 161
100 32
817 189 720 52 368 334 706 933 959 391 771 218 441 679 156 726 829 567 216 636 536 18 651 354 700 715 944 651 268 790 768 635 202 189 567 120 177 403 769 521 449 78 797 102 128 814 508 132 231 618 990 374 524 484 112 108 646 274 315 548 475 10 271 854 830 434 597 174 619 230 502 785 672 628 949 583 474 716 951 620 839 139 518 378 197 479 391 741 523 376 40 815 473 659 360 835 744 447 185 876 
12 64
53 72
37 60
86 92
16 28
24 92
29 97
12 56
26 93
1 66
44 78
63 87
34 92
91 93
13 57
5 12
67 79
8 10
20 77
28 58
21 45
13 90
8 92
31 86
2 46
35 84
40 93
2 27
3 27
35 44
60 75
8 56
124 56
168 135 257 769 205 733 879 849 2 599 794 193 855 622 896 390 832 386 994 356 16 695 144 936 264 376 804 97 902 49 12 219 107 528 384 486 355 399 200 131 505 782 580 9 420 753 407 405 256 700 250 211 793 233 292 647 54 367 396 264 213 697 642 168 155 546 944 403 361 671 917 336 540 503 478 912 854 867 358 449 93 796 443 737 650 741 560 84 717 285 802 561 416 433 323 275 748 3 926 534 861 84 808 706 23 453 4 604 302 761 973 221 404 453 466 954 92 647 130 924 313 550 561 97 
83 97
10 94
38 123
108 122
12 26
7 50
46 62
24 62
26 95
53 106
61 110
27 28
19 51
73 74
44 84
98 113
79 94
78 80
84 91
53 68
72 84
34 45
34 74
10 47
4 13
86 91
36 96
46 103
25 51
75 106
3 41
12 15
12 86
81 105
15 58
108 124
26 72
8 37
95 96
14 78
69 97
55 100
16 109
47 108
29 55
25 64
104 107
88 108
76 120
68 82
29 109
12 33
109 118
17 57
81 95
81 119
80 73
106 553 111 179 29 876 681 881 348 698 617 711 989 68 791 704 965 809 62 814 266 447 767 567 240 824 293 288 586 701 499 430 520 325 103 465 787 885 821 154 750 87 71 103 159 277 671 401 371 106 979 731 356 717 832 829 489 532 728 2 604 953 250 244 425 93 336 570 20 92 838 18 78 393 608 191 748 988 793 570 
34 58
25 39
51 56
64 78
58 59
12 14
13 53
21 29
13 79
34 80
14 27
13 14
4 37
39 68
13 48
35 46
26 31
8 60
17 39
2 4
44 45
59 60
56 78
2 75
21 23
51 78
29 58
25 72
49 70
54 64
6 36
25 31
52 75
31 71
48 65
17 21
64 75
16 50
31 72
16 38
7 23
26 57
56 64
14 40
51 74
19 50
3 9
58 77
50 62
10 49
62 68
25 71
22 78
43 44
47 60
54 61
9 14
13 59
3 24
18 21
4 32
16 40
71 73
19 29
13 46
43 68
27 58
14 79
3 43
69 73
23 59
23 34
27 52
553 56
719 390 957 919 870 714 68 455 926 793 365 99 971 11 290 780 397 24 718 705 733 696 156 813 569 411 113 176 666 413 146 442 20 758 446 984 228 806 321 120 114 985 928 908 420 244 820 494 458 807 607 419 737 830 258 143 295 596 730 703 808 972 384 145 8 551 882 983 190 171 240 223 734 227 765 680 749 955 953 136 96 74 510 57 225 240 320 780 363 55 982 991 872 511 350 59 908 154 310 948 642 228 908 519 713 646 364 66 298 759 649 211 908 734 472 912 901 280 528 583 423 997 209 977 981 985 590 904 220 386 562 904 61 9 944 100 554 398 416 654 600 940 94 889 263 590 219 79 351 693 913 917 13 84 786 529 659 394 720 510 15 997 977 65 641 322 581 354 230 834 724 763 402 369 165 730 257 189 534 772 460 545 168 161 533 892 499 209 30 367 872 466 158 31 163 390 394 967 826 709 291 165 907 161 580 243 826 270 712 72 368 904 923 395 811 9 834 482 445 222 591 284 87 751 711 850 473 679 3 152 581 241 603 240 103 182 52 86 684 262 434 191 450 206 361 978 456 418 443 845 994 535 419 618 677 421 740 517 114 826 550 430 497 410 632 837 915 535 3 82 860 509 688 612 339 170 572 715 916 856 620 187 968 565 590 344 612 189 275 130 760 712 384 981 903 316 604 104 996 149 462 811 963 94 938 623 256 763 577 145 433 105 231 639 917 709 680 656 413 878 807 724 271 557 381 483 852 313 217 924 6 798 847 170 830 278 736 13 99 417 118 472 568 377 293 46 834 136 546 837 375 183 538 610 354 569 127 515 699 751 730 879 760 810 340 870 331 33 811 848 949 5 472 503 673 270 830 985 66 628 946 865 433 944 440 664 665 85 303 766 283 879 676 63 704 813 791 378 254 459 400 685 750 341 456 464 423 972 953 74 461 8 745 758 791 861 982 800 85 97 181 567 47 356 910 872 618 904 727 459 194 25 113 734 486 5 944 394 118 280 962 479 269 904 976 593 357 301 907 117 205 970 671 696 713 517 741 803 836 788 807 442 783 924 496 631 237 58 439 800 842 828 219 586 142 174 406 929 418 349 1 565 650 825 670 594 728 114 332 475 16 985 16 66 505 194 295 780 998 705 127 477 484 569 229 294 48 907 136 915 962 701 606 879 673 449 991 222 228 563 961 242 203 315 131 322 224 509 662 299 3 920 755 621 211 1 594 663 523 949 289 786 103 935 557 134 124 162 778 399 464 665 624 
140 500
112 460
50 395
128 440
41 264
152 311
182 185
30 502
57 369
112 403
106 472
288 310
274 286
79 263
251 460
205 366
19 376
395 446
63 171
485 497
123 436
32 321
327 388
135 215
112 544
256 545
221 301
167 472
145 314
167 501
482 495
441 507
4 365
402 500
16 157
287 375
22 513
340 410
73 263
179 321
214 403
79 346
432 485
252 380
20 144
116 187
431 530
186 266
280 372
198 277
233 288
52 255
48 169
61 277
249 408
53 258
341 78
367 69 456 335 138 597 441 334 857 460 838 769 731 309 604 750 710 755 525 326 1000 369 116 548 13 892 339 882 516 705 85 6 988 737 229 789 480 202 1000 499 804 737 951 280 254 526 601 206 148 854 946 307 460 913 512 69 569 497 252 388 785 268 793 886 763 237 36 694 132 74 133 267 464 305 300 451 339 75 319 762 464 988 793 972 894 309 409 972 661 849 342 909 264 789 609 466 157 210 318 60 100 131 318 533 958 926 907 245 265 676 203 55 38 578 995 323 415 58 546 214 781 514 155 872 768 393 700 419 268 279 880 745 975 225 715 525 146 722 206 896 109 279 131 68 621 242 981 148 737 139 544 838 554 771 274 668 810 578 237 619 876 32 825 314 901 646 359 410 405 272 674 479 469 22 147 153 218 593 794 862 967 858 101 1000 980 716 958 226 430 473 519 482 218 630 638 493 139 705 949 430 260 379 688 601 784 721 945 527 745 743 794 874 241 207 211 651 402 777 599 215 764 79 780 826 324 522 287 244 437 125 6 672 778 470 137 995 322 819 333 370 776 196 543 416 221 564 194 651 233 786 27 224 303 176 677 270 424 252 623 360 392 332 720 177 527 961 741 678 1 825 269 405 63 759 228 415 192 912 867 90 743 945 344 843 17 776 301 425 96 233 566 678 3 682 697 454 728 157 99 821 623 161 397 927 83 351 536 812 629 364 875 194 437 727 412 447 391 895 613 123 852 284 59 242 920 908 345 54 316 597 955 77 616 603 569 703 727 303 785 617 242 
127 254
150 269
87 160
120 135
32 107
65 104
253 308
99 125
99 232
144 229
114 269
97 211
221 249
264 339
133 335
123 316
55 94
285 308
336 338
30 38
97 260
263 302
48 178
142 291
209 251
104 117
60 311
7 283
44 321
59 280
173 230
89 93
9 19
168 315
45 214
73 233
163 319
245 273
219 317
58 64
16 134
270 289
136 213
53 243
142 212
162 292
66 122
78 205
217 254
160 247
255 284
6 70
120 150
18 125
101 332
158 193
59 212
258 276
5 69
105 122
38 87
16 40
67 300
126 137
32 56
238 310
57 229
230 236
168 258
22 213
57 214
82 321
150 246
121 258
101 216
179 285
31 337
48 189
689 100
90 42 909 126 61 282 423 850 686 884 539 322 325 360 579 280 361 646 593 811 676 945 858 296 829 518 256 995 379 303 150 422 720 634 209 640 204 185 386 341 876 405 271 395 69 739 735 632 688 34 195 521 208 665 119 181 221 164 616 89 637 815 604 475 893 398 485 875 847 681 447 409 491 566 955 598 721 522 493 416 318 6 322 521 809 603 684 914 640 647 733 759 728 979 951 180 635 928 426 796 723 209 313 642 45 515 821 318 700 846 631 821 319 484 831 358 774 212 158 22 532 500 958 766 804 39 544 560 692 246 585 113 634 236 379 291 80 679 543 208 311 731 145 464 654 994 571 507 136 410 817 747 459 594 7 807 303 308 121 102 117 856 417 805 849 497 78 865 404 260 595 287 272 90 60 369 89 541 433 149 842 497 526 725 8 209 467 19 509 107 230 926 337 146 704 629 797 363 11 699 835 216 317 386 212 594 865 943 300 847 686 24 251 337 804 305 556 958 729 825 290 689 451 161 624 999 602 796 720 923 937 454 945 907 378 451 667 135 222 796 906 190 744 908 462 193 841 378 114 651 185 574 75 890 769 756 728 147 834 849 66 808 628 840 753 464 460 901 82 88 202 953 773 750 983 664 271 597 136 398 616 296 212 133 811 721 92 225 16 558 417 951 162 372 620 152 549 666 529 573 20 818 533 423 431 694 726 218 816 55 895 229 612 484 367 665 541 719 795 901 126 836 227 736 281 248 980 144 167 641 993 402 808 423 787 174 553 755 557 107 56 234 884 516 356 737 902 966 478 690 827 206 54 229 247 955 572 55 863 130 725 27 315 771 796 816 255 412 286 866 713 57 117 69 366 452 164 391 634 887 436 901 714 960 474 662 268 985 293 606 337 449 489 744 518 878 569 840 462 101 506 674 304 651 963 467 520 319 449 785 149 818 528 834 4 659 953 238 791 749 940 172 623 817 132 477 770 335 616 93 123 893 681 914 70 638 925 143 307 399 816 51 286 303 464 800 407 30 421 610 654 667 655 235 826 229 550 933 918 46 938 369 674 88 557 187 678 970 680 676 516 806 942 990 477 77 272 744 657 868 795 312 808 328 427 653 522 149 183 835 370 164 249 80 552 297 704 705 109 51 148 901 89 938 848 560 774 978 438 79 658 171 628 512 150 887 834 355 222 32 657 561 104 266 905 596 62 371 839 911 736 608 554 141 523 916 695 980 624 214 474 735 767 633 242 829 228 614 686 817 810 597 34 117 870 480 927 537 708 883 613 375 368 682 58 872 895 229 907 18 780 14 837 103 20 39 654 383 267 474 962 584 722 104 348 725 791 364 189 973 997 79 22 777 275 649 745 25 820 262 566 557 429 234 92 726 346 284 992 97 151 975 486 429 973 301 650 195 463 691 254 465 390 515 763 924 187 589 573 972 193 419 11 16 377 909 200 457 593 552 480 222 996 866 614 372 443 230 787 890 253 374 99 385 697 31 993 445 220 85 806 479 251 161 52 339 33 105 95 466 485 305 734 545 3 687 123 550 342 878 854 265 916 970 416 409 400 184 678 
394 538
272 471
92 381
325 590
147 326
362 636
8 313
144 384
275 664
306 386
86 314
87 171
188 509
430 517
260 687
315 476
574 654
138 571
417 689
207 622
226 540
136 351
81 388
87 552
282 622
367 447
88 453
22 536
64 421
218 605
49 289
321 616
250 293
476 610
468 590
445 682
190 619
417 560
491 653
21 658
236 616
203 369
83 420
183 416
23 470
122 330
264 674
115 504
216 504
328 587
90 671
92 598
122 536
27 416
493 581
561 634
2 278
321 651
334 521
490 531
453 659
237 433
323 479
144 307
201 549
385 563
12 592
15 78
282 416
30 32
321 622
260 592
8 34
187 204
284 646
331 500
534 584
38 611
126 505
132 539
55 147
115 387
112 446
288 484
350 649
111 539
11 258
71 294
56 196
355 661
550 553
98 662
13 129
57 126
202 542
196 242
169 197
286 484
84 386
134 331
192 33
34 363 126 821 504 21 12 439 568 556 609 432 587 355 2 962 636 521 623 633 448 108 343 340 756 787 344 255 49 862 619 175 886 164 996 800 913 663 699 222 487 898 847 850 116 735 687 911 929 915 988 835 307 410 213 768 771 275 352 176 750 272 286 723 515 790 3 502 696 480 727 968 326 623 921 333 303 681 73 971 401 942 101 12 236 706 198 14 914 283 21 883 207 1 69 588 796 128 238 646 293 633 643 961 355 811 74 470 891 206 846 294 154 635 336 404 154 971 766 838 794 132 457 168 949 318 984 577 161 364 319 335 222 286 303 128 335 455 996 900 888 807 354 882 618 54 106 247 262 303 516 453 61 459 751 470 460 720 780 565 142 70 387 596 337 552 479 851 173 217 542 23 637 287 735 223 646 963 590 874 187 414 169 219 580 334 522 646 122 790 254 750 
49 135
58 62
82 180
31 55
86 159
44 101
31 158
2 93
13 72
79 133
39 132
40 169
39 189
156 158
11 188
29 73
88 111
83 121
159 176
22 65
72 98
58 93
66 70
49 59
3 172
50 72
111 179
80 84
98 134
51 191
152 178
66 94
5 134
162 38
435 928 473 941 753 495 439 307 153 681 182 515 604 510 320 179 295 300 28 524 834 370 285 326 718 226 623 311 371 762 302 632 224 202 434 379 709 182 800 704 509 997 361 489 515 472 149 276 220 885 807 793 529 702 148 659 232 811 88 725 34 285 394 993 634 766 964 721 422 290 874 335 924 617 922 75 469 589 266 615 296 23 552 730 918 556 519 638 853 380 445 561 264 91 714 275 559 668 972 775 927 18 996 729 123 586 738 342 898 193 39 95 999 564 177 430 549 219 10 933 817 839 136 231 477 906 638 207 11 645 412 328 819 809 538 767 591 176 28 601 41 14 381 339 258 913 857 395 547 223 817 506 514 617 157 108 485 8 970 948 610 436 
2 74
10 63
107 121
32 122
36 106
4 56
47 116
71 114
33 68
22 157
125 150
7 78
17 70
17 136
78 101
6 25
4 137
26 113
93 146
137 145
46 146
2 20
61 148
137 156
6 93
54 156
92 129
25 81
49 100
20 149
20 144
46 72
41 133
109 141
76 159
136 141
42 62
115 159
992 33
55 324 210 109 415 92 50 766 438 543 370 611 560 1000 629 876 344 304 420 927 926 56 131 548 763 401 913 858 209 408 346 913 247 762 802 813 377 621 341 761 518 965 321 234 718 798 786 106 487 62 455 327 30 357 130 760 185 689 274 199 767 703 250 635 290 891 868 611 461 51 514 506 889 267 203 913 783 867 9 932 621 379 629 459 651 771 660 955 506 412 329 496 568 956 322 124 416 947 912 406 742 835 893 341 297 793 777 54 372 106 552 704 332 443 719 652 364 443 429 584 815 395 53 324 829 669 432 920 655 742 644 431 735 320 29 457 784 61 120 896 151 846 436 756 869 657 475 636 189 981 433 548 31 853 503 43 183 248 368 428 337 669 579 782 790 323 63 70 299 115 473 462 791 652 138 60 546 690 220 560 442 968 175 820 51 712 957 965 920 862 269 54 499 205 326 745 335 179 717 427 816 801 923 653 973 952 668 207 919 210 442 316 901 8 957 857 458 466 618 464 698 518 885 376 485 885 220 792 645 726 355 502 424 388 419 7 655 188 614 430 432 93 575 110 313 585 447 525 747 11 90 634 408 163 199 478 621 585 379 202 42 726 231 973 834 58 252 484 420 97 264 963 576 389 235 206 8 739 602 747 690 266 834 931 237 322 582 538 641 501 896 224 484 273 324 345 160 336 129 420 113 403 539 619 23 974 539 585 255 327 744 573 379 501 642 441 462 337 947 399 848 891 348 354 734 642 856 227 593 933 393 837 941 434 329 685 828 639 899 512 613 518 35 839 909 609 660 916 906 823 825 915 405 161 580 350 387 242 343 786 291 262 173 901 551 989 338 180 251 269 189 268 295 608 551 475 800 543 540 896 282 967 33 419 407 182 292 930 19 913 139 922 432 2 88 340 668 364 655 275 859 245 583 130 681 298 886 77 196 794 938 242 25 312 97 688 468 21 711 129 84 361 38 681 860 486 128 185 906 923 738 486 887 102 607 289 770 403 316 275 226 431 956 862 625 960 909 322 739 234 907 171 801 390 377 844 727 349 719 854 846 625 157 126 722 478 598 519 214 626 996 658 250 434 227 118 282 742 890 672 952 944 385 195 58 197 434 730 458 491 789 872 969 705 70 330 25 715 170 547 947 107 919 187 711 714 721 537 873 305 328 865 804 827 455 740 701 783 398 151 174 31 501 719 390 114 806 683 66 662 972 878 715 200 66 610 171 313 885 351 993 432 76 751 951 965 586 715 135 806 129 25 262 906 268 457 209 373 494 124 933 247 481 432 961 373 642 698 3 908 278 511 497 989 984 670 184 841 674 199 59 908 319 669 283 406 210 530 562 378 267 67 63 421 727 723 209 970 816 786 565 538 36 788 127 889 996 271 527 121 977 264 183 135 310 990 361 470 903 41 226 93 367 501 826 347 66 114 959 54 610 964 466 287 583 245 57 923 212 789 967 549 150 302 797 76 913 63 818 760 764 338 289 819 569 235 50 678 335 992 470 858 238 168 298 197 148 889 115 87 333 453 100 648 589 344 351 899 56 393 614 154 246 312 431 66 567 937 426 113 349 846 469 933 750 445 735 143 999 936 707 290 871 832 829 611 217 653 114 531 805 780 8 338 276 200 204 62 884 566 524 211 384 342 299 697 700 505 95 815 555 365 714 185 328 679 808 777 809 485 255 616 16 895 311 178 109 852 792 638 803 176 582 592 444 786 199 50 355 585 925 114 709 215 427 979 244 848 282 506 263 328 835 876 71 476 404 942 793 768 845 281 130 829 563 458 278 545 430 298 141 605 968 56 166 49 278 740 137 175 856 601 155 730 740 564 249 317 192 500 288 650 320 582 531 92 898 73 223 145 408 708 789 755 703 579 452 204 553 570 148 759 441 141 652 348 91 887 783 298 604 989 927 973 458 964 442 910 676 65 507 535 273 221 543 29 362 259 466 797 271 75 561 846 814 733 911 920 690 288 820 795 641 654 962 299 472 531 612 24 784 239 357 433 44 488 26 703 58 67 830 492 753 430 31 981 496 314 264 524 88 215 219 465 403 26 369 149 211 4 241 864 880 108 932 981 708 711 407 279 154 185 664 455 958 423 11 886 611 903 247 567 750 803 915 169 149 3 376 535 343 662 182 764 788 969 903 568 108 952 283 622 287 95 484 88 230 870 483 731 260 328 35 46 937 888 692 420 812 747 757 111 458 622 905 199 547 395 339 3 715 94 574 294 502 719 827 522 377 321 478 620 
389 423
436 526
343 426
306 886
215 912
166 401
627 663
719 953
91 391
487 662
157 319
153 689
390 594
137 692
504 977
533 676
191 327
97 983
694 803
337 719
61 260
216 326
568 648
770 928
886 913
622 764
324 764
167 725
326 636
36 426
263 933
73 530
219 856
504 66
625 114 728 329 236 405 487 624 283 84 670 8 586 482 604 178 578 717 854 308 355 294 197 287 657 406 643 364 374 926 210 899 73 527 119 884 955 554 270 137 841 82 510 365 741 534 206 632 763 432 388 837 639 358 563 606 8 301 688 185 747 679 476 690 503 707 555 614 333 260 189 521 346 352 162 685 843 463 712 988 593 376 845 344 539 341 411 301 731 730 481 189 211 609 608 564 503 555 224 752 153 849 981 195 732 581 448 681 156 539 569 231 793 869 788 315 257 567 677 4 134 175 94 521 630 936 351 313 654 427 941 49 733 339 373 133 784 927 810 663 884 142 594 348 625 410 727 86 465 981 398 63 841 683 375 712 91 287 56 488 130 46 297 784 896 312 55 205 775 183 907 474 479 321 226 446 532 220 415 865 881 517 609 283 532 638 336 6 118 553 881 103 214 38 629 178 747 939 379 417 449 197 704 805 233 236 870 983 49 942 525 42 318 287 958 528 819 455 994 741 634 815 672 137 320 949 977 150 155 420 161 887 456 937 188 487 897 920 230 507 225 679 723 824 680 718 84 309 606 749 875 144 644 345 173 388 31 199 376 597 360 74 297 860 817 266 794 975 906 512 873 641 385 917 956 665 128 794 117 986 313 683 853 813 956 668 98 380 668 676 780 907 176 524 737 119 662 54 346 800 508 984 477 400 57 271 898 886 367 268 438 22 327 528 102 887 701 603 649 402 726 545 479 638 437 564 855 989 133 892 297 430 265 735 398 423 86 141 217 890 557 773 633 462 746 760 551 683 378 968 250 629 372 758 149 956 183 628 734 782 761 494 919 309 487 240 833 711 904 647 608 219 586 317 60 129 743 470 336 779 864 529 703 266 760 986 807 820 155 75 940 774 564 773 591 76 433 546 574 839 844 238 843 635 285 294 301 830 111 600 820 19 744 420 988 298 295 685 226 197 67 835 226 122 482 867 798 837 190 829 390 958 352 228 113 377 344 866 408 453 943 794 553 462 748 533 990 429 234 645 932 866 787 754 421 715 802 156 280 217 810 784 343 889 128 868 175 44 295 723 994 554 381 98 906 562 863 356 184 352 426 754 117 633 221 215 774 838 367 240 878 57 622 711 471 627 492 675 333 992 782 673 513 79 
87 377
162 382
56 350
77 466
25 305
316 387
9 249
145 250
25 279
4 87
105 428
233 422
138 260
75 176
193 258
75 268
251 298
72 265
373 398
5 227
66 299
399 472
171 437
331 425
153 187
65 382
33 312
88 386
124 219
98 370
114 304
327 384
261 275
219 331
183 394
180 339
124 383
219 501
1 160
6 353
80 192
79 203
240 338
206 325
257 387
55 88
297 313
111 264
108 306
80 261
391 498
99 424
111 133
20 98
133 385
208 377
193 462
169 280
157 373
114 227
253 495
243 461
40 426
248 504
17 202
206 342
175 50
763 731 973 108 44 824 350 732 912 976 183 308 93 526 225 12 93 585 251 573 476 675 895 67 864 333 983 158 68 647 733 50 208 372 824 881 57 822 912 738 891 664 224 919 682 460 694 171 883 913 366 695 684 661 469 279 885 379 755 609 759 919 27 194 510 256 284 202 152 957 336 237 930 97 320 135 500 888 548 625 676 468 732 990 903 587 6 543 894 636 158 171 161 622 788 338 728 446 909 590 672 925 864 530 489 300 625 169 893 746 466 509 253 500 762 919 422 990 468 181 413 728 382 358 479 675 183 629 624 504 991 181 420 580 50 410 241 345 537 561 414 576 907 776 89 409 205 165 118 158 803 39 338 105 533 241 173 912 233 374 818 568 321 94 152 250 133 612 570 340 21 689 790 594 817 
103 173
21 31
69 146
94 110
82 143
98 99
122 141
140 144
62 150
12 57
99 110
55 169
14 151
1 122
105 124
26 100
53 130
52 109
20 85
35 140
43 145
28 118
4 162
133 137
35 146
13 167
29 157
135 166
65 112
10 53
37 94
11 31
119 140
17 83
3 141
49 79
34 170
153 158
53 144
4 151
9 148
37 150
10 169
98 146
69 137
35 159
15 100
145 147
30 45
15 147
566 46
74 911 593 164 537 436 719 920 457 889 440 266 219 714 384 762 418 659 400 160 708 102 48 362 111 64 39 739 768 765 405 492 793 583 344 477 986 767 899 365 183 60 941 190 775 926 442 695 125 493 979 501 330 219 455 339 93 758 157 30 664 322 618 119 507 985 322 950 937 768 10 705 505 454 799 325 477 422 432 470 802 818 114 576 537 574 908 348 718 678 495 113 322 842 463 784 577 476 990 647 466 727 106 801 223 420 959 886 723 262 875 898 663 486 947 558 682 577 563 834 158 868 804 774 941 719 996 171 352 89 325 370 810 978 459 988 992 753 189 552 685 692 467 635 550 52 587 184 228 73 578 912 772 410 660 354 846 223 61 178 216 245 151 566 552 755 712 188 606 990 541 568 560 693 401 956 403 919 465 363 871 699 545 727 755 924 773 348 326 711 596 925 652 302 525 73 145 414 805 507 220 794 911 214 192 585 290 542 49 251 931 726 364 991 589 387 878 565 820 65 70 919 686 37 679 221 832 985 944 527 927 491 696 808 134 91 315 233 532 56 484 683 900 241 288 825 38 64 93 645 531 907 512 285 374 162 659 771 323 451 808 574 310 631 121 776 459 399 936 967 855 449 238 414 203 584 270 852 175 489 585 766 132 166 939 272 459 607 883 975 437 848 843 310 87 554 954 715 639 541 659 752 668 43 801 580 829 63 221 376 607 620 841 885 610 292 998 327 821 598 530 767 714 148 849 229 431 372 558 214 195 152 277 759 985 9 455 353 651 293 298 216 934 358 545 116 465 845 799 410 461 320 194 635 421 998 184 594 234 106 365 611 711 534 108 754 30 696 56 955 217 402 729 677 165 154 85 680 20 961 412 710 668 705 280 513 965 905 632 930 650 794 222 277 60 90 27 598 725 301 739 135 504 316 167 722 218 774 843 262 226 229 595 825 223 326 465 248 794 56 315 73 876 4 850 818 460 595 584 97 661 744 39 612 498 811 674 660 836 246 391 54 805 686 782 885 225 434 577 759 688 171 477 431 601 127 228 229 896 724 586 45 29 534 483 544 428 913 740 282 495 832 328 581 285 93 211 736 213 446 180 321 322 668 552 966 611 134 812 821 352 747 58 910 190 589 545 749 612 785 202 483 615 644 256 60 815 198 68 779 411 397 710 221 230 472 570 519 742 737 915 363 866 863 546 405 606 605 789 848 845 217 111 344 975 385 804 467 386 684 728 552 487 195 525 727 885 216 323 706 440 51 853 878 30 857 798 833 311 641 650 980 972 923 508 707 
271 553
34 377
23 469
210 396
242 469
65 428
329 539
83 260
292 353
315 371
123 318
67 136
80 140
73 290
83 469
385 542
9 15
12 183
196 311
68 309
149 399
224 240
305 550
170 436
164 330
184 258
181 507
333 344
304 453
160 184
119 526
322 519
13 357
17 515
199 201
31 155
251 503
94 515
265 407
226 519
286 452
363 458
211 530
222 471
22 431
326 384
16 67
870 962 599 952 782 782 19 818 630 38 41 799 32 654 598 502 
3 14
1 11
6 13
5 12
3 5
11 12
6 7
4 12
10 16
8 14
3 4
9 12
7 10
10 12
9 11
7 9
3 10
2 15
1 15
3 9
8 13
3 13
4 13
6 14
4 6
12 13
6 9
1 6
2 8
1 2
4 11
6 11
7 12
7 16
1 8
9 10
1 7
2 16
2 7
3 11
4 5
1 14
4 15
3 12
2 14
9 14
9 13
4 8
2 4
10 14
2 3
4 7
6 15
1 4
14 15
10 15
10 13
9 15
4 16
7 11
7 15
7 8
6 8
14 16
4 10
12 16
8 15
97 88
751 604 952 515 7 870 881 942 564 936 584 678 18 494 275 501 69 948 436 81 671 725 115 600 846 586 982 557 625 346 85 412 538 827 548 75 250 192 328 847 864 248 348 865 836 12 323 58 197 37 864 789 479 387 573 257 734 772 574 998 280 817 803 408 20 417 935 276 158 865 840 594 575 247 596 281 533 402 398 949 194 189 500 755 842 565 301 543 549 358 415 711 955 584 590 122 434 
71 80
13 49
2 65
1 36
7 38
67 77
8 29
39 84
41 68
28 30
38 70
5 85
4 56
5 8
16 60
39 64
43 73
10 78
46 59
18 48
31 57
3 65
50 70
78 91
20 56
49 56
65 76
11 95
59 66
56 64
2 59
34 79
1 25
32 53
45 96
22 49
76 77
35 40
1 60
36 57
14 67
6 88
18 81
41 78
39 70
59 93
27 83
14 20
13 44
20 53
49 94
46 95
23 57
19 31
75 94
7 39
58 82
13 71
2 55
12 56
48 50
41 84
11 55
29 72
5 16
77 91
35 87
66 71
65 90
51 62
8 38
1 53
38 95
16 24
28 66
2 93
63 74
5 55
64 92
2 22
28 47
66 94
74 79
61 94
48 51
3 37
16 80
83 97
644 54
205 359 488 154 258 492 629 682 718 372 730 534 82 345 520 687 632 441 436 727 52 698 170 622 307 581 333 296 875 968 794 486 473 973 167 632 287 565 371 449 699 277 256 631 173 797 910 654 517 153 876 841 95 530 300 196 939 752 110 763 975 937 123 844 196 335 644 753 312 10 578 458 640 567 73 289 887 387 668 718 383 897 124 621 435 754 595 900 257 144 118 14 997 156 592 302 285 58 346 850 225 913 769 58 765 31 865 214 19 286 453 144 934 639 114 639 686 81 358 312 135 858 576 747 466 745 598 378 674 429 333 868 989 635 45 929 376 294 910 264 622 644 714 710 40 513 165 720 84 654 349 275 839 99 24 657 850 631 48 660 64 299 221 532 564 673 23 664 218 831 959 270 902 210 903 479 718 183 977 487 543 212 345 80 673 438 985 550 704 185 530 448 84 738 715 375 339 975 587 486 836 477 616 407 322 599 965 603 392 650 565 427 238 370 927 708 241 614 458 182 708 996 762 729 627 646 702 48 65 994 853 56 814 772 896 806 238 708 308 53 847 422 98 223 399 775 75 86 946 204 798 146 853 297 240 570 309 200 11 494 214 18 120 399 574 220 317 356 428 273 137 990 801 397 529 657 727 302 137 939 217 22 609 376 712 372 997 833 30 211 963 378 342 976 949 682 640 823 632 66 166 21 825 54 307 348 96 61 341 740 253 66 102 957 982 468 711 136 146 421 254 355 519 32 396 771 876 37 52 362 845 745 884 57 560 854 475 242 836 612 228 20 18 648 712 427 820 999 430 947 96 845 867 970 632 461 340 285 333 717 230 647 10 957 262 671 687 874 919 82 208 214 381 454 613 581 972 555 3 182 685 58 354 882 574 499 1000 103 900 840 463 493 909 434 563 354 265 33 57 919 211 608 332 401 240 362 532 112 620 213 322 505 899 616 691 812 625 549 555 212 972 16 623 690 171 333 836 12 748 443 154 845 671 980 935 50 477 551 826 805 184 21 188 246 746 945 265 761 250 324 922 589 123 113 474 701 214 986 200 820 356 568 311 469 200 853 585 144 304 156 540 148 774 568 341 894 361 196 884 654 820 308 484 173 91 254 908 635 169 314 512 569 875 890 33 912 873 184 887 816 464 759 887 280 789 557 217 647 304 198 50 500 781 194 471 262 695 29 932 858 686 929 135 174 720 211 585 887 360 948 805 447 205 687 452 248 83 686 921 60 871 330 188 235 95 976 133 720 845 269 530 836 595 823 405 480 30 277 939 557 534 632 400 105 151 430 331 88 42 883 415 49 217 814 498 139 167 818 673 497 479 165 452 130 359 181 364 836 393 432 824 752 382 549 21 822 780 846 422 512 760 438 598 584 850 35 404 282 953 951 775 56 328 399 388 759 787 233 936 411 270 553 649 532 336 566 822 282 870 89 906 427 439 72 522 772 51 150 732 6 174 714 98 869 
8 559
143 242
379 526
98 309
403 638
70 516
30 580
67 193
11 130
359 445
54 136
128 512
377 474
21 367
540 559
200 413
11 249
8 17
132 219
245 370
242 461
82 566
7 374
336 354
36 414
356 429
211 345
105 287
168 306
456 563
97 317
28 220
262 584
97 380
104 352
537 584
62 315
332 449
92 483
115 271
555 591
243 584
95 506
52 444
73 386
171 516
274 633
277 564
7 230
209 350
356 556
128 368
127 496
145 537
627 6
98 77 930 583 853 424 827 138 146 339 921 376 344 17 702 937 754 811 937 438 842 4 692 660 54 793 53 339 927 476 297 693 528 641 191 413 690 743 28 593 974 555 964 841 933 157 561 928 872 500 282 563 115 888 373 874 718 43 942 333 670 300 622 420 86 572 712 325 715 698 446 440 653 856 734 789 405 158 328 978 111 224 66 788 962 885 710 998 775 692 539 719 822 19 646 457 757 720 775 706 206 176 57 833 469 532 76 487 681 917 427 228 35 562 752 715 677 418 315 260 630 237 580 427 817 396 431 343 434 564 135 65 816 116 867 443 779 26 861 523 898 854 817 800 788 528 849 439 829 312 501 679 229 341 44 493 382 778 430 728 407 914 153 930 737 345 254 474 875 585 726 674 149 303 386 36 951 866 897 311 163 230 128 813 218 20 358 789 745 498 712 393 137 127 984 159 836 98 716 202 443 838 621 332 398 806 447 453 959 789 682 57 934 561 280 496 123 31 244 868 808 417 864 525 655 982 298 140 173 811 226 472 580 964 538 679 448 523 1 665 924 539 138 216 310 775 72 954 222 265 668 113 605 415 55 756 75 515 639 471 396 843 150 331 245 722 893 340 165 108 669 428 891 590 269 635 312 106 274 685 588 871 330 965 422 76 273 604 985 417 783 113 205 808 446 823 463 380 305 777 514 601 359 281 96 373 611 617 967 567 19 29 939 240 308 705 54 726 950 391 186 402 630 478 608 130 878 89 672 823 63 469 136 46 526 362 263 564 350 347 47 874 435 783 497 627 304 275 430 65 88 855 175 404 97 814 815 426 769 442 315 661 876 532 503 926 318 7 609 59 735 108 866 898 968 194 120 114 161 669 160 603 196 567 292 951 810 946 536 181 464 120 997 124 97 762 631 321 627 935 707 720 422 830 233 419 700 315 800 99 167 218 979 502 898 48 890 910 312 890 78 613 263 286 262 103 322 163 397 731 170 363 801 155 75 153 48 292 420 246 943 736 63 410 829 509 917 430 312 839 812 747 398 664 257 171 190 376 957 337 693 898 588 933 581 904 896 776 718 197 322 691 376 156 759 882 390 54 781 767 63 5 950 411 942 125 600 686 293 434 737 438 300 277 452 354 478 630 502 183 879 510 747 193 917 279 366 735 862 280 195 950 735 730 756 104 87 319 301 423 505 610 763 990 709 286 498 985 404 186 541 262 450 912 637 696 97 868 8 567 14 959 733 79 678 730 707 6 820 775 556 97 600 255 8 765 897 392 1000 738 779 949 396 501 765 238 370 196 407 954 685 385 129 272 720 301 899 22 201 745 901 559 485 957 364 849 237 948 211 599 892 331 626 883 631 901 973 145 514 891 622 460 312 788 661 963 718 677 794 212 102 488 317 306 941 177 74 663 188 82 92 909 137 1 2 330 10 
317 494
78 594
103 546
24 280
265 458
444 583
494 30
539 647 563 534 476 707 192 784 223 428 853 555 582 972 978 746 719 733 853 206 669 811 361 170 498 408 157 589 360 343 769 281 126 309 822 919 751 880 595 283 529 221 572 268 459 54 194 957 37 627 361 645 29 65 727 724 78 465 935 286 712 960 329 826 602 368 864 511 614 276 740 372 985 388 548 438 573 19 122 928 455 401 564 325 706 539 340 855 10 105 604 255 591 941 661 505 598 344 327 72 459 955 324 196 688 421 632 323 543 446 293 729 198 953 139 30 963 251 539 252 820 161 56 752 232 476 457 407 681 312 995 400 802 538 577 119 222 399 604 488 325 647 96 546 517 401 282 444 982 148 415 674 327 159 683 498 334 810 396 543 65 213 356 726 142 686 249 591 398 15 159 289 802 151 249 277 757 81 547 709 297 240 870 466 345 914 399 95 847 62 455 727 432 197 631 661 293 975 883 89 286 902 753 13 104 582 347 149 31 720 676 826 579 56 918 637 212 88 59 145 677 155 919 977 322 451 883 749 690 575 496 940 168 396 237 334 943 405 618 49 58 149 261 999 202 648 151 873 865 500 975 991 898 572 788 530 546 90 612 534 172 289 816 171 702 851 215 155 541 244 981 288 969 230 720 648 436 887 895 866 719 982 189 318 983 428 630 645 565 688 592 838 889 88 531 649 480 563 930 860 177 403 817 756 715 84 230 280 261 237 396 404 786 876 502 860 167 881 16 718 218 298 166 947 544 114 176 651 715 421 897 272 379 75 203 637 715 373 80 779 280 718 668 366 107 370 366 444 868 966 67 786 720 963 945 442 184 208 544 756 281 319 727 893 817 762 47 203 143 713 189 854 57 504 444 934 291 462 858 182 858 753 548 410 322 843 707 6 389 934 441 230 358 850 454 837 467 33 380 161 794 357 611 629 744 457 778 873 140 461 49 379 726 475 866 988 936 305 632 106 591 619 825 945 613 972 669 406 636 77 125 73 726 631 826 878 652 230 862 103 2 813 194 515 2 203 613 145 924 67 801 818 782 360 927 214 257 128 426 912 914 896 684 712 977 497 278 664 211 589 428 669 48 160 309 386 288 508 889 462 716 1000 716 730 418 803 271 783 234 751 52 340 920 876 
59 475
243 321
30 190
84 188
17 152
113 418
31 199
55 365
108 481
271 355
244 494
255 296
41 162
334 412
66 293
381 404
188 240
180 439
225 454
126 376
21 388
353 369
166 277
298 334
172 309
35 298
63 362
237 491
198 440
113 415
23 78
869 465 807 895 92 191 432 88 40 104 155 242 296 545 99 767 446 973 517 40 14 204 969 
6 12
16 22
20 22
10 13
7 20
4 17
2 14
5 15
4 7
8 14
3 16
18 19
18 23
6 18
9 21
12 15
5 16
12 20
3 21
2 11
3 18
3 8
13 21
4 21
8 13
15 20
5 13
14 15
11 21
1 21
1 8
12 18
1 7
12 13
8 10
2 10
5 14
3 20
7 14
16 17
9 19
2 7
19 22
5 20
14 20
7 12
9 10
9 13
14 18
19 21
17 23
6 13
19 20
12 22
7 16
3 14
3 10
4 22
11 15
6 20
13 17
16 23
8 22
6 14
1 10
16 19
6 15
1 22
3 9
10 22
2 20
8 17
13 16
21 22
7 22
8 21
1 20
2 21
694 24
460 574 694 290 685 784 764 593 412 614 882 748 828 949 919 570 338 520 146 898 415 522 883 915 470 38 173 197 289 569 349 938 344 746 868 186 919 560 893 347 104 294 941 87 654 808 337 162 575 366 599 900 400 508 945 679 296 228 459 489 356 457 156 657 598 454 704 997 549 855 70 867 273 689 880 75 667 28 484 939 387 626 3 544 261 428 307 869 298 82 453 642 208 71 770 684 324 139 915 865 355 325 641 827 812 343 225 760 867 146 203 78 22 864 1000 388 199 903 21 659 886 30 966 624 106 180 587 269 296 275 220 404 901 696 989 129 800 150 892 158 136 143 605 993 926 569 253 300 600 231 179 114 378 914 525 559 691 766 44 296 387 682 171 41 654 550 213 3 759 914 969 891 61 430 459 892 120 150 892 777 280 419 171 494 618 646 685 875 993 440 560 159 159 642 801 7 260 257 891 822 41 237 800 403 675 39 53 538 984 442 557 232 819 857 142 981 19 281 584 989 269 376 884 189 708 927 86 164 600 747 326 688 732 955 914 643 68 542 207 608 1000 503 796 257 398 466 866 238 105 485 508 297 959 572 276 452 132 82 9 226 226 204 264 328 702 223 554 522 168 365 919 574 749 289 265 956 806 438 559 457 881 754 637 6 527 798 734 172 542 124 59 724 723 64 322 512 613 284 496 577 946 36 214 786 998 352 170 781 695 257 450 545 94 643 852 415 981 476 336 306 557 510 382 459 312 574 744 118 608 588 5 17 343 437 683 812 656 122 780 172 131 816 524 88 358 138 217 6 430 13 472 73 899 774 984 992 137 501 922 258 305 12 625 119 216 616 274 522 61 616 301 982 194 377 160 319 194 297 434 300 247 425 530 273 240 853 292 72 791 491 131 213 872 730 458 611 98 532 268 905 250 907 747 714 358 708 919 365 724 922 449 637 78 974 939 65 621 366 994 134 506 221 366 386 177 517 259 796 735 201 535 224 374 284 258 343 711 821 310 393 342 174 107 912 482 7 124 783 440 734 813 551 100 840 536 342 609 635 848 952 291 848 691 420 878 273 499 99 339 355 890 493 238 527 114 977 104 267 410 701 728 449 255 433 315 566 182 218 558 151 302 318 769 560 915 397 187 389 381 43 651 688 269 672 105 570 290 303 263 509 563 243 654 705 546 110 491 109 336 295 323 113 588 173 483 755 107 973 874 28 840 521 529 503 539 15 148 261 48 231 412 655 192 756 242 841 157 157 529 242 820 641 234 973 524 753 173 470 355 510 756 190 570 546 698 484 698 165 441 130 482 492 928 237 383 281 335 159 334 828 984 640 21 75 964 650 621 146 573 201 448 704 449 939 327 919 226 103 299 582 25 637 730 371 573 819 501 531 470 512 576 195 304 186 471 125 347 228 163 776 475 46 12 828 721 536 686 36 197 676 285 370 11 236 147 432 292 394 831 631 176 687 294 615 343 539 226 576 652 86 487 729 948 395 271 654 819 516 686 180 438 130 632 743 587 772 555 773 138 496 94 519 984 113 585 181 116 524 968 85 528 22 367 337 727 232 509 103 240 435 589 828 14 950 
197 398
100 146
337 510
76 357
19 383
11 191
537 589
443 566
71 149
147 644
380 473
425 457
62 373
403 490
66 597
233 600
375 606
214 678
394 580
409 570
362 581
273 617
38 234
430 540
92 48
680 332 95 335 369 4 676 331 141 947 953 742 611 469 186 2 901 165 484 390 536 457 241 523 536 481 855 804 809 992 551 684 56 932 251 802 721 705 559 980 876 605 940 342 544 505 239 857 19 904 956 366 75 149 121 189 287 385 890 833 845 888 584 721 334 300 705 115 867 601 377 590 993 395 475 988 159 914 45 229 895 830 101 202 115 354 197 827 772 123 162 295 
47 85
10 87
9 37
4 66
62 85
46 87
52 84
68 78
56 68
55 73
52 77
76 88
7 42
6 49
65 86
32 89
85 91
47 54
12 57
11 42
42 48
17 45
15 64
69 81
14 68
35 36
73 85
30 33
2 72
13 87
54 62
16 58
42 76
17 21
21 85
1 3
60 79
61 88
52 58
11 67
7 28
1 37
54 66
34 55
65 82
36 62
8 74
2 26
650 29
346 647 4 764 647 954 672 641 562 807 66 694 64 134 965 54 512 742 436 176 404 974 27 69 405 647 800 46 218 335 549 520 402 663 444 899 131 715 977 70 558 39 639 500 133 235 962 769 889 804 368 750 773 851 824 371 155 181 27 68 254 416 576 706 982 372 550 763 917 767 591 48 579 195 812 696 532 581 346 124 796 286 969 618 1000 420 754 605 400 630 149 813 379 939 159 547 316 507 104 61 777 693 403 175 115 56 80 98 670 145 638 910 348 904 146 687 906 93 236 186 809 748 359 586 505 303 128 364 848 726 434 120 905 325 422 367 773 353 229 868 400 512 120 917 595 688 991 74 336 989 835 38 791 444 937 785 174 112 504 429 649 24 62 396 793 635 313 921 405 860 253 390 74 154 907 111 724 502 721 724 353 269 179 441 783 823 257 886 228 721 570 544 128 453 556 670 305 380 943 843 213 946 407 698 939 833 738 784 611 371 639 479 528 776 108 749 36 301 29 75 928 492 87 467 369 693 853 408 83 391 184 493 548 240 749 900 364 182 478 424 710 969 350 372 781 347 37 5 725 353 700 119 304 3 643 145 408 460 993 619 340 497 987 959 13 786 36 79 534 33 426 834 522 320 126 789 796 522 207 573 630 44 231 463 55 627 748 314 639 341 510 151 437 424 594 140 677 189 26 713 283 309 417 775 364 158 446 323 797 645 727 450 654 56 197 550 403 786 880 448 175 682 825 751 220 712 515 248 308 549 587 885 619 340 145 877 965 113 519 826 480 153 357 538 643 532 324 357 866 386 473 265 1 998 831 854 580 954 885 843 213 467 324 710 959 31 21 137 49 399 37 431 744 65 149 848 296 809 703 549 589 533 818 724 384 495 187 686 878 945 792 862 815 26 678 826 652 858 207 688 388 712 233 813 495 239 460 42 956 389 342 780 716 802 625 646 508 51 124 194 493 190 446 846 613 534 184 632 303 771 420 551 642 248 431 574 270 525 572 430 78 920 506 626 929 21 642 289 717 797 190 974 593 507 336 737 840 872 381 352 243 311 761 327 72 547 662 210 996 44 761 791 2 881 461 795 302 638 2 933 768 160 798 486 187 599 4 504 301 798 182 998 457 91 367 208 432 633 283 472 845 583 647 964 24 541 213 652 129 365 84 563 558 962 536 819 962 811 406 813 102 50 111 412 669 99 199 940 716 268 795 568 975 490 612 716 896 399 2 867 889 664 257 816 826 661 209 61 524 335 234 342 758 371 536 50 452 810 684 573 929 428 766 302 319 752 247 566 79 496 641 670 8 249 124 406 293 240 152 430 542 462 353 494 529 380 315 969 261 168 292 584 141 440 810 137 801 793 558 97 604 218 820 905 325 689 344 475 424 909 983 324 405 46 63 513 177 170 174 663 183 649 647 538 506 994 148 362 836 400 171 802 801 684 663 305 778 837 213 195 65 679 301 848 975 392 246 862 884 407 
256 397
598 604
220 277
158 627
100 331
224 612
506 583
150 218
30 48
194 404
123 387
257 349
482 568
579 644
390 509
118 337
82 406
224 573
232 481
355 474
56 183
430 628
196 401
169 226
90 437
10 247
507 603
73 391
150 541
613 33
186 359 744 668 317 519 633 621 48 446 497 880 517 825 359 233 780 69 996 64 92 790 985 692 295 44 188 501 76 259 782 59 718 209 736 96 831 788 850 549 384 789 49 610 541 240 252 991 638 47 35 97 108 774 407 943 690 742 522 313 612 985 888 273 814 787 489 346 429 932 406 173 870 805 597 73 809 268 513 477 132 428 808 22 421 866 390 656 655 596 747 638 258 131 364 677 269 171 365 609 231 894 793 283 933 388 759 910 104 287 675 729 828 673 110 247 855 42 24 693 847 233 851 938 103 512 448 531 571 77 920 32 36 109 514 81 284 756 40 856 749 4 959 639 494 439 448 254 914 830 825 633 401 881 415 679 183 201 463 381 921 853 765 537 168 94 540 714 127 378 689 464 51 61 910 548 184 97 692 955 627 484 60 921 647 18 361 764 709 552 454 970 359 700 778 202 396 24 502 396 706 764 434 474 953 839 614 616 195 134 358 748 439 962 787 281 809 644 931 205 539 800 648 517 537 287 955 7 718 932 426 381 322 971 623 957 150 81 452 171 266 566 991 903 961 666 245 321 578 853 765 698 773 490 883 296 442 967 274 31 128 477 922 486 692 311 483 921 689 613 903 643 112 176 990 886 838 471 377 147 773 715 84 99 257 261 684 662 663 544 773 125 173 476 878 141 874 934 722 839 329 591 766 5 231 306 151 641 305 9 716 208 296 189 123 656 960 270 904 732 649 382 366 518 316 946 175 367 682 921 986 19 500 204 444 636 459 742 495 908 653 20 997 714 388 121 845 926 384 365 492 544 793 831 576 39 773 788 945 76 971 670 309 325 64 396 296 741 64 739 737 99 580 367 998 132 259 743 339 448 888 37 449 219 472 102 897 348 663 206 276 208 353 473 663 355 240 701 119 253 963 811 893 813 400 688 399 583 415 497 498 350 425 858 433 73 652 167 540 405 794 919 280 827 533 244 761 479 561 144 577 588 571 513 387 114 21 342 82 914 983 435 943 87 61 55 553 891 276 446 196 320 873 426 677 477 772 392 875 912 427 626 186 358 595 137 245 765 633 991 953 679 457 76 711 309 375 275 186 892 517 263 147 46 822 660 625 789 619 836 21 294 188 748 858 596 699 970 479 972 552 378 779 501 312 966 328 413 650 251 976 691 887 654 782 899 259 483 55 853 21 401 644 570 612 517 468 754 352 342 606 911 647 442 126 903 583 361 240 809 867 518 178 79 296 928 521 74 339 258 365 262 57 886 913 840 862 803 799 740 513 110 763 998 194 215 795 400 799 37 893 561 708 537 598 411 331 279 101 205 988 577 264 301 556 442 995 413 661 529 606 945 789 345 498 623 304 375 955 419 186 740 941 122 492 1 747 394 990 864 383 693 783 
384 565
192 414
152 585
175 238
392 568
247 541
116 476
541 606
29 234
257 359
157 423
21 251
100 356
51 574
148 205
233 468
336 593
480 542
191 485
297 528
532 538
77 193
276 289
9 316
110 456
267 464
63 242
96 440
324 329
3 348
326 468
126 180
171 573
